2.975
2.52
2.62
2.742
2.68
2.635
2.681
2.679
2.653
2.65
2.671
2.687
2.63
2.76
2.692
2.69
2.491
1.979
2.339
2.312
2.059
2.218
1.996
1.987
2.068
1.913
1.908
2.057
2.191
2.299
2.335
2.293
2.418
2.417
2.273
2.581
2.88
2.978
2.884
2.815
2.83
2.814
3.087
2.869
2.865
2.566
2.731
2.773
2.525
2.14
1.957
1.692
1.509
1.472
1.564
1.77
1.94
1.647
1.498
1.498
1.978
2.292
2.318
2.434
2.485
2.414
2.337
2.237
2.434
2.382
2.297
2.323
2.268
2.156
2.237
2.312
2.335
2.061
1.57
1.831
1.903
2.114
2.457
3.085
3.29
3.884
4.282
4.629
5.001
5.183
5.567
5.413
5.838
5.593
5.558
4.806
6.365
6.439
5.679
6.198
4.878
5.907
5.496
6.133
6.31
4.863
5.036
5.402
5.146
5.652
5.13
5.479
6.477
6.562
6.163
6.039
5.936
5.796
4.663
5.114
5.787
5.136
5.016
5.138
4.96
5.029
5.773
5.423
5.295
5.686
6.185
5.509
5.957
5.724
5.439
5.42
4.832
5.229
5.226
5.194
5.024
5.395
5.254
4.634
5.496
5.281
4.794
5.076
6.117
5.258
5.345
6.214
5.447
5.749
5.002
6.939
5.665
5.948
5.981
4.901
5.955
5.929
6.838
6.533
5.794
6.616
6.775
6.005
5.693
6.278
6.154
5.66
6.133
5.314
5.131
7.02
5.945
6.171
5.827
5.926
6.299
5.823
6.838
6.28
5.77
5.652
6.084
5.191
5.178
6.156
5.375
5.664
6.106
5.257
7.63
6.308
6.652
6.31
6.7
5.17
6.234
6.778
6.782
7.13
7.4
7.38
6.6
5.73
7.17
7.24
6.659
7.6
7.44
5.951
6.364
6.032
5.632
6.863
6.853
6.783
6.772
6.75
6.175
5.406
5.308
6.923
7.21
5.855
6.002
6.231
5.164
5.542
6.22
5.928
5.251
5.983
5.419
5.939
5.801
5.695
5.486
5.296
4.617
4.768
4.861
5.289
4.799
5.09
4.47
4.403
4.446
4.445
4.25
4.101
4.231
3.831
3.445
3.207
3.53
3.784
3.629
3.491
3.402
3.376
3.777
3.462
3.064
2.949
3.028
3.249
2.849
2.571
2.589
2.605
2.566
2.547
2.429
2.353
2.155
2.139
2.155
2.14
2.041
2.503
2.902
2.948
3.052
3.133
2.942
3.265
3.306
3.232
3.247
3.259
3.319
3.51
3.572
3.755
3.832
3.545
3.171
3.176
2.913
2.96
3.35
3.125
2.988
2.683
2.785
3.057
3.169
3.278
3.059
3.248
3.286
3.194
3.379
3.922
3.716
3.813
3.783
3.841
3.918
3.91
3.999
3.886
4.076
3.895
4.186
4.147
4.525
5.037
5.017
4.957
5.302
5.444
5.305
4.943
4.599
4.897
5.22
4.897
5.292
4.969
4.419
4.61
4.186
4.418
4.222
4.43
4.353
4.515
3.963
4.189
4.057
4.503
4.826
4.814
5.055
5.116
5.292
5.61
5.209
6.407
6.234
5.756
4.812
4.91
4.617
6.113
5.416
5.171
5.347
4.316
5.007
5.392
5.616
4.006
5.931
5.815
6.077
5.202
6.666
5.327
6.008
6.212
6.142
4.862
6.055
5.877
5.264
5.182
5.669
5.353
5.823
5.537
4.598
5.301
4.945
4.158
4.591
5.222
5.361
4.778
5.394
5.351
5.999
4.666
4.45
5.549
5.476
4.306
5.436
5.658
4.701
5.704
4.424
6.073
6.443
5.184
5.026
4.179
4.032
4.826
5.071
4.816
4.572
4.125
3.537
3.023
3.842
3.764
2.858
4.394
4.425
4.378
4.738
4.307
4.042
4.918
4.646
4.682
4.363
5.322
5.334
3.736
5.381
5.244
4.689
5.531
5.977
5.026
6.377
6.654
5.762
5.686
4.304
6.506
6.041
5.548
5.944
5.815
4.554
7.68
5.114
7.74
6.25
4.949
4.944
5.564
5.907
5.877
6.118
7.24
5.377
3.095
2.307
4.838
5.338
6.036
6.34
4.659
3.03
4.266
3.39
3.171
4.271
5.653
6.083
6.574
5.945
6.694
6.051
5.873
6.472
6.333
5.77
6.293
5.463
6.387
6.714
6.676
7.58
8.48
7.26
7.3
5.858
7.53
8.17
8.28
8.03
7.6
7.69
6.208
7.93
7.97
7.81
8.31
8.22
7.88
7.2
6.262
5.088
7.01
6.846
5.726
5.904
7.15
6.973
6.499
7.28
6.408
5.907
6.149
5.11
5.059
5.685
5.635
6.018
5.978
5.827
6.185
5.58
4.961
5.6
5.41
5.22
5.395
5.112
5.374
5.032
5.164
5.325
5.788
5.412
5.458
5.246
5.572
5.472
5.233
5.284
5.104
5.125
5.116
4.904
4.857
4.939
4.787
5.088
5.888
5.35
5.31
5.496
5.389
5.389
5.681
5.408
4.829
5.681
5.728
5.857
5.501
5.145
5.575
5.135
4.962
4.979
4.968
4.845
5.122
5.266
4.797
5.23
4.771
5.215
4.149
3.988
2.846
3.144
2.958
2.31
2.166
2.528
1.812
1.122
.666
1.754
1.511
1.987
2.696
3.225
3.496
3.251
3.083
3.048
2.65
3.239
3.131
3.949
3.698
3.843
3.708
3.579
3.456
3.408
3.01
3.781
3.461
2.997
2.759
2.803
2.535
2.522
2.359
2.604
2.914
3.413
3.315
2.924
2.539
2.474
2.78
2.548
2.684
3.11
2.853
3.406
3.162
2.842
2.491
2.951
3.083
3.119
2.823
2.845
2.906
3.391
2.918
3.007
3.279
2.446
2.56
2.766
3.506
3.201
3.525
2.918
3.856
3.226
2.711
3.253
3.551
3.013
2.851
3.315
3.407
3.606
3.414
4.033
4.256
4.685
4.481
4.495
4.668
4.344
5.437
5.266
4.738
4.739
5.807
5.463
6.346
5.881
6.082
6.519
5.628
6.201
6.496
5.424
5.274
5.143
6.946
6.112
4.815
5.608
4.548
4.42
5.2
5.433
5.697
4.61
5.473
3.144
3.89
5.636
3.554
4.763
3.916
5.039
5
2.827
5.245
4.31
3.896
5.838
3.058
4.626
5.088
2.416
2.547
4.233
5.039
3.629
6.132
5.718
5.145
5.212
5.276
4.456
5.101
4.8
5.323
6.933
5.644
6.373
3.222
4.506
5.381
5.832
7.1
4.629
3.448
3.13
2.957
7.18
5.548
4.434
2.686
3.09
5.122
5.596
6.865
4.763
2.359
2.856
4.314
2.817
3.448
2.698
7.3
5.791
4.744
2.415
2.996
4.418
3.286
4.105
4.495
5.191
4.014
5.79
5.514
4.584
5.148
2.465
3.217
4.478
3.971
4.81
4.052
4.067
3.213
4.558
4.871
3.759
2.782
3.669
3.811
3.096
3.14
2.568
1.585
1.192
1.233
1.321
1.478
2.254
1.982
1.974
2.106
1.517
1.533
1.646
1.774
2.54
2.589
2.801
2.719
2.736
2.972
2.892
2.954
3.059
2.911
2.997
3.322
3.258
3.252
3.124
3.016
3.095
3.03
2.84
2.768
2.898
2.82
3.208
3.513
3.422
2.945
3.196
3.211
3.076
3.049
2.654
2.581
2.126
1.691
1.578
1.42
.741
.933
1.262
1.714
1.485
.749
2.611
2.669
1.988
2.854
2.854
2.286
2.365
2.573
2.346
2.522
2.252
2.351
2.299
2.267
2.194
2.621
1.87
1.569
1.766
2.117
2.253
2.54
3.055
2.385
1.823
1.886
2.229
2.417
2.786
2.984
3.192
2.817
2.616
2.482
2.55
2.356
2.237
2.011
2.074
2.426
2.763
3.178
3.67
3.601
3.942
4.116
3.624
3.568
4.173
3.727
4.122
4.194
3.414
2.342
1.069
2.208
1.723
.525
1
2.377
2.92
3.063
1.638
3.721
4.41
2.128
2.603
4.079
2.624
4.235
1.721
2.789
2.393
1.856
1.665
2.952
2.004
1.668
2.963
2.679
1.753
3.82
2.217
3.051
1.673
2.541
2.471
2.031
2.295
2.713
3.469
3.156
1.674
.502
1.114
1.143
1.611
1.98
1.525
2.186
2.687
2.445
3.843
2.429
2.812
3.138
2.535
2.979
1.956
2.736
2.641
2.375
2.732
2.263
2.799
2.461
1.402
2.314
1.274
2.751
2.77
2.634
1.663
1.74
2.429
1.509
2.682
1.47
1.577
2.06
1.999
1.988
2.493
1.934
2.441
2.312
3.344
3.091
3.379
4.373
5.118
3.709
4.328
4.545
4.891
4.781
3.1
2.717
4.033
4.819
4.826
3.464
5.382
4.835
4.665
5.65
4.076
5.211
3.914
4.509
3.798
4.341
4.649
2.635
3.949
4.753
4.469
4.712
4.972
5.451
3.488
3.833
2.119
3.772
3.376
2.064
2.348
2.54
3.258
2.964
4.035
5.477
3.768
4.462
1.28
1.432
2.305
4.773
4.007
2.986
3.773
3.656
3.113
1.529
3.028
1.74
1.446
2.195
3.631
2.762
1.732
1.675
2.082
2.271
1.906
1.702
1.164
.479
1.213
1.187
.631
1.27
1.886
2.142
1.894
.522
1.304
2.008
1.234
1.096
.551
2.021
1.076
2.906
3.127
4.655
4.575
3.489
4.102
4.099
5.573
4.101
4.248
3.973
3.354
2.803
3.249
2.958
5.099
6.428
6.644
5.203
5.534
6.127
5.454
5.365
5.4
5.303
5.238
4.417
4.421
4.546
4.294
4.476
4.363
4.313
3.509
3.381
3.459
3.506
3.679
3.99
3.634
3.102
3.446
3.554
3.585
3.536
3.44
3.33
3.261
3.592
3.346
3.225
3.846
3.898
3.18
3.48
3.346
3.181
2.752
3.142
3.63
4.088
4.259
4.456
4.894
4.831
4.868
4.543
4.594
4.279
4.11
4.14
4.312
4.179
4.357
4.58
4.124
4.091
4.966
4.751
4.937
4.689
4.878
4.899
5.461
5.571
6.16
5.565
6.068
5.771
6.146
6.624
5.9
6.44
5.369
5.642
4.892
5.806
5.539
5.357
5.258
4.981
5.444
5.241
4.712
5.073
4.443
5.034
4.31
4.447
4.198
4.154
4.337
3.431
3.643
3.7
3.501
3.679
3.246
3.147
2.902
2.342
2.506
2.204
2.234
2.388
2.488
2.351
2.289
2.436
2.222
2.371
2.538
2.831
2.973
3.184
3.272
3.344
3.595
3.322
3.413
3.359
3.272
3.837
3.472
4.117
4.001
4.12
4.167
4.485
4.364
4.476
4.445
4.358
4.421
4.652
4.806
4.594
4.932
5.341
4.978
5.379
5.612
4.832
5.963
6.643
5.834
5.063
5.856
6.212
7.55
6.852
6.855
6.235
5.578
6.81
6.398
6.165
6.503
5.927
5.436
6.591
5.939
6.039
6.018
6.096
5.816
6.551
6.842
5.987
7.09
6.451
5.47
6.422
5.426
5.719
5.768
4.8
5.476
5.618
5.58
5.751
4.391
6.291
6.201
5.721
5.494
5.896
6.168
6.215
5.96
5.415
5.103
5.151
4.297
4.793
5.03
5.237
5.2
4.679
5.633
5.329
4.554
4.895
4.355
4.334
4.016
4.842
4.349
4.115
4.482
4.931
4.768
4.792
3.724
3.293
4.813
4.62
4.091
5.659
7.1
4.161
4.859
4.575
5.883
5.101
3.042
5.782
6.175
4.408
5.024
6.906
5.256
5.561
5.343
4.321
6.172
4.159
3.072
3.759
4.574
6.53
6.079
5.42
4.327
7.51
7.32
7.78
5.89
5.322
1.914
5.077
6.834
5.449
8.98
7.45
8.8
8.33
10.16
13.28
11.29
9.2
10.31
9.34
8.83
7.39
9.29
6.629
7.67
8.46
8.8
10.17
10.88
8.31
8.33
8.03
7.05
7.52
10.29
10.35
9.25
9.1
9.48
9
8.07
8.09
7.66
7.04
6.888
6.431
5.955
4.915
5.19
5.313
4.326
3.915
4.635
4.661
5.893
6.142
6.541
6.356
6.572
5.928
6.035
5.601
6.978
6.503
6.376
6.384
6.585
6.188
5.595
4.693
5.217
5.429
5.47
5.628
5.537
4.569
4.876
4.816
4.604
4.607
4.337
4.36
4.456
3.859
3.775
3.693
4.072
4.922
5.794
5.867
5.751
5.566
5.853
5.581
5.488
5.701
6.252
6.326
5.946
5.807
5.756
5.854
5.565
6
5.947
6.121
6.345
6.287
6.063
5.771
5.594
5.867
5.402
5.368
5.188
5.45
4.929
5.323
4.876
4.811
5.278
4.944
4.73
4.902
5.271
5.747
5.834
5.474
5.203
5.087
5.031
5.607
5.871
5.845
5.737
6.152
6.003
6.164
5.557
5.308
5.444
5.352
5.467
5.353
5.755
5.208
5.449
6.375
5.671
5.945
5.187
5.654
5.718
5.616
5.701
5.964
5.866
5.896
5.496
5.89
6.043
6.053
6.555
6.376
6.527
6.205
6.455
6.381
6.268
6.798
6.244
6.265
6.549
6.006
6.235
6.536
6.274
6.335
6.093
6.138
6.637
5.771
6.41
6.446
6.427
6.891
6.763
6.263
7.32
7.25
7.37
7.18
6.69
8.18
7.34
6.498
7.33
7.92
7.7
6.28
6.965
7.27
6.857
5.996
6.473
6.657
6.525
6.67
6.628
6.089
6.763
6.598
6.764
6.181
4.926
5.441
5.648
5.505
5.975
5.94
6.155
5.975
5.49
5.833
5.141
4.817
5.073
4.89
5.086
5.007
5.416
4.469
5.093
4.645
5.332
5.103
3.135
4.646
4.345
4.565
4.025
4.007
2.677
4.092
2.122
3.651
4.334
3.383
3.954
2.556
3.432
4.498
4.984
3.84
1.765
3.725
3.065
5.221
3.692
4.17
3.924
4.284
4.223
3.881
3.468
2.308
4.538
3.131
5.236
4.869
4.443
4.891
6.181
4.335
3.926
3.732
3.683
5.613
4.516
4.865
3.941
4.068
4.359
2.943
3.821
4.041
3.234
2.547
2.632
2.575
3.244
2.065
3.626
3.744
2.894
3.483
5.295
6.124
4.809
4.257
4.867
4.81
5.746
5.41
5.424
5.644
4.848
4.464
3.755
2.878
2.925
2.2
2.607
3.413
3.169
2.866
7.43
9.43
9.01
6.227
7.12
8.55
8.15
8.33
8.73
9.32
8.62
8.23
11.27
11.55
12.33
11.56
14.29
12.49
12.74
11.42
11.62
10.45
9.38
8.45
7.91
7.73
7.9
7.72
7.07
7.38
5.3
4.323
4.81
5.366
4.574
5.025
5.507
4.743
4.313
4.028
3.596
4.303
4.357
4.484
5.229
5.441
5.257
4.966
5.532
5.498
5.709
4.85
4.066
3.775
4.345
4.357
3.608
3.687
3.971
4.043
4.008
4.458
4.551
4.996
4.995
4.696
3.993
4.181
5.615
5.729
6.111
5.656
5.493
5.177
5.747
5.224
5.683
5.847
5.831
5.319
5.019
5.181
5.214
4.867
4.667
4.638
4.582
4.971
5.204
4.317
4.669
4.015
3.833
3.861
3.801
3.769
4.229
4.483
4.634
4.632
4.547
4.812
4.958
6.022
5.44
5.76
5.477
5.065
5.275
5.673
5.169
5.246
5.127
5.148
4.804
4.767
4.46
4.469
4.627
4.171
4.727
4.418
4.267
4.643
4.322
4.168
3.857
3.83
3.879
3.609
3.821
3.853
3.935
3.707
3.997
3.867
4.342
4.185
4.587
4.856
4.732
5.598
5.575
5.247
4.932
5.176
5.516
5.377
4.974
5.256
5.132
5.384
5.331
5.093
5.071
5.256
4.941
5.767
5.928
5.186
6.312
6.019
5.759
6.097
5.656
5.65
6.111
6.877
5.698
5.271
5.365
5.235
6.022
6.114
7.12
6.693
5.594
6.132
5.67
4.789
4.919
5.067
5.3
6.09
5.06
5.831
4.991
6.066
5.024
6.113
5.927
6.047
5.16
5.069
5.4
5.188
5.561
5.603
5.028
4.121
4.568
4.22
3.926
4.76
5.147
5.524
5.121
4.897
5.283
3.801
3.515
4.17
4.506
4.263
3.944
4.328
4.814
4.738
4.011
4.37
4.137
4.392
4.939
4.448
5.122
4.434
4.689
4.425
4.743
4.456
4.425
4.635
4.151
5.198
5.076
3.677
4.73
3.664
4.222
4.54
4.954
4.446
4.761
4.828
5.876
4.99
4.707
4.025
4.612
5.507
5.919
3.851
4.996
4.086
4.737
3.877
4.315
5.278
5.224
6.261
5.001
5.2
5.074
4.673
4.504
4.589
5.61
5.345
4.357
4.968
4.675
4.268
3.842
3.707
3.998
4.088
3
3.442
2.953
3.123
4.56
4.979
3.865
3.631
4.386
4.678
4.495
4.084
4.04
3.615
3.684
3.322
2.652
2.684
6.884
8.06
7.97
7.17
5.954
4.448
5.134
5.332
6.942
7.26
5.809
2.664
5.624
6.307
5.432
5.993
6.078
6.276
5.755
5.038
5.398
4.854
5.283
5.087
6.999
8.15
7.07
7.96
7.5
6.95
6.721
6.574
6.24
5.109
4.914
4.374
5.139
4.659
5.525
6.327
5.14
4.478
4.158
4.166
5.028
4.097
4.808
4.596
5.38
6.304
6.509
5.896
5.042
5.05
5.218
5.37
4.992
5.196
5.27
5.886
6.016
4.844
5.196
4.987
4.915
4.803
4.896
6.008
6.889
6.246
6.441
5.7
6.119
5.385
4.965
4.648
5.151
4.805
4.27
4.596
4.472
4.508
4.15
4.66
4.432
4.487
4.487
3.838
3.916
4.222
3.571
3.33
3.119
2.959
2.847
3.092
3.085
3.043
2.436
1.947
2.1
2.291
2.617
2.804
2.893
3.165
3.461
3.417
3.409
3.28
3.075
2.689
2.84
3.08
3.093
2.908
2.508
2.728
2.574
2.68
2.355
2.338
2.15
1.979
2.059
2.142
2.071
2.059
1.758
1.682
1.756
1.869
2.233
1.902
2.131
2.197
2.485
2.283
2.272
2.331
2.313
2.052
1.997
1.703
1.222
1.179
1.197
1.222
1.539
1.596
1.462
1.253
1.421
1.88
2.106
2.32
2.365
2.711
3.124
2.804
2.995
3.181
3.095
3.135
2.359
2.979
2.635
2.548
3.286
3.555
3.645
3.8
4.246
4.261
3.523
3.514
2.927
3.222
3.472
3.319
2.631
2.867
3.623
3.793
3.959
4.314
4.46
4.185
4.423
4.307
4.882
4.191
4.022
4.041
3.728
3.869
4.5
4.147
4.092
4.348
3.793
4.819
4.286
4.92
5.49
5.036
4.777
4.577
4.918
5.296
4.265
4.448
4.685
3.601
3.915
3.114
3.989
4.684
4.171
4.759
2.875
4.771
3.942
3.919
4.754
4.149
4.32
4.448
4.178
4.859
4.391
3.487
3.94
3.701
4.31
3.754
3.652
3.342
3.415
3.463
3.768
3.688
3.343
3.259
3.931
3.568
3.612
2.845
3.797
3.646
2.329
2.877
2.699
4.737
5.411
4.581
3.151
4.418
3.723
3.09
4.266
3.282
5.532
4.193
5.323
5.141
4.726
5.228
5.412
4.869
3.78
4.71
4.319
6.094
4.793
4.407
4.472
4.405
3.893
4.13
3.69
3.265
3.928
4.773
5.216
5.056
4.759
4.039
4.148
4.175
3.288
2.763
2.754
3.376
3.67
3.865
3.768
3.368
2.687
3.536
3.703
3.212
3.424
5.073
6.527
6.011
6.33
6.391
5.896
5.921
5.435
5.694
5.218
3.55
3.717
3.905
4.042
3.946
3.826
3.924
3.262
3.353
2.644
2.786
3.969
5.594
5.96
6.541
7.37
5.438
3.672
4.029
3.516
3.742
3.813
4.429
5.055
5.108
5.188
4.647
3.633
4.033
3.948
4.824
5.084
5.514
5.325
5.387
5.587
5.871
5.242
4.831
4.202
4.755
4.033
5.327
4.448
5.137
4.993
5.513
4.745
4.165
4.67
4.037
4.565
4.175
4.469
5.375
5.723
5.79
7.12
7.05
6.538
6.486
7.43
5.935
5.861
5.385
4.715
5.194
5.256
5.338
4.989
5.077
4.772
4.568
4.397
4.828
4.903
4.231
5.013
4.672
3.623
3.492
3.664
3.024
2.525
2.194
2.781
2.424
2.36
2.4
2.229
2.003
1.815
1.947
1.887
2.078
2.006
1.663
1.653
1.76
2.102
1.895
2.098
1.996
1.91
2.018
2.016
2.233
2.336
2.243
2.113
2.331
2.625
2.896
2.469
2.341
2.393
2.382
2.693
2.925
2.933
2.699
3.089
3.477
4.099
3.983
3.928
4.139
4.379
4.744
4.452
3.393
3.334
3.35
3.636
4.59
5.148
6.013
6.46
5.937
5.877
6.17
5.825
5.364
5.146
5.279
5.774
4.996
4.996
4.669
5.367
4.213
5.891
4.864
4.834
3.921
4.99
4.488
4.661
3.872
4.599
3.838
4.354
4.089
3.908
4.486
4.067
3.366
3.686
3.602
3.269
3.088
3.964
3.969
3.586
4.239
1.99
3.154
2.233
3.427
3.233
2.93
2.975
3.39
3.644
3.06
2.94
3.017
3.125
3.818
3.602
3.74
3.871
4.238
3.058
3.062
3.693
4.208
4.331
5.445
3.98
4.535
4.515
2.936
4.688
1.931
4.38
3.853
3.781
3.883
4.159
2.66
3.749
3.494
3.469
3.621
3.593
4.645
3.223
3.42
4.374
3.902
3.965
4.896
4.99
3.843
4.414
3.115
5.076
4.878
5.357
4.938
5.578
3.088
4.865
6.145
5.013
5.395
4.747
3.945
3.988
4.892
4.79
5.981
5.551
5.674
4.57
4.987
3.655
5.064
4.161
5.786
5.28
4.11
5.184
4.519
5.515
5.409
4.499
5.236
5.548
5.474
5.489
4.932
5.26
5.722
5.305
5.293
4.459
5.137
4.888
4.409
4.877
4.411
5.288
3.685
4.957
5.624
6.207
6.518
5.929
4.64
4.746
4.866
5.013
5.121
5.274
5.095
5.051
4.896
5.227
5.47
5.039
4.756
4.41
4.908
4.23
3.944
3.689
3.713
3.399
3.271
3.858
3.663
3.765
3.946
3.704
4.064
4.328
4.503
4.585
4.772
4.53
4.474
4.55
4.957
4.398
4.516
4.524
4.426
4.358
4.382
5.023
4.341
4.823
4.685
4.554
4.308
3.958
4.257
3.94
4.136
3.826
3.806
3.934
3.707
3.508
3.452
3.496
3.301
3.22
3.133
3.317
3.291
3.351
3.333
3.427
3.38
3.366
3.538
4.057
3.934
3.809
3.555
3.389
3.27
3.093
3.058
3.498
2.672
2.623
2.637
2.834
2.791
2.695
2.631
2.687
2.855
2.87
2.49
1.988
2.29
2.823
2.609
2.388
2.298
2.489
2.417
1.965
1.738
2.078
2.084
2.269
2.358
2.545
3.01
3.151
3.173
3.236
3.012
2.899
2.899
2.561
2.965
2.366
2.209
2.164
2.221
2.575
2.94
2.903
2.709
2.423
2.386
2.422
3.011
3.356
3.326
2.995
3.28
3.854
4.169
4.132
4.697
4.55
5.263
5.673
6.203
5.493
6.588
6.225
6.385
6.945
7.29
6.513
7.2
5.478
6.396
6.58
6.345
5.604
5.685
5.307
5.181
5.219
4.439
5.425
5.34
5.887
6.25
5.915
5.922
5.492
5.333
6.143
5.465
4.828
5.914
4.909
5.177
5.426
5.214
4.991
4.839
3.464
3.844
4.121
4.367
4.316
3.91
4.275
4.544
4.339
4.742
4.114
4.058
4.52
4.309
4.843
4.859
5.335
5.866
6.01
4.589
5.72
5.12
5.553
5.545
5.443
5.441
5.775
6.426
5.61
5.488
5.618
5.489
5.989
5.437
5.592
6.336
6.374
5.456
5.995
5.429
5.289
6.548
5.701
6.199
5.781
6.914
7.22
6.907
6.173
6.041
5.438
6.656
6.961
7.23
5.541
5.571
4.703
6.184
6.244
6.176
6.098
6.484
6.144
5.799
6.092
5.97
7.23
6.263
5.279
6.047
6.19
6.446
7.43
6.734
5.995
4.822
5.844
6.342
7.1
5.83
6.513
6.013
7.18
5.128
5.745
5.677
5.899
6.603
6.261
6.487
6.394
6.991
7.25
7.07
6.947
6.295
7.25
6.122
6.473
7.06
6.505
6.597
5.677
5.632
5.402
6.647
5.074
5.802
5.371
4.978
5.261
5.763
4.434
4.821
4.205
4.531
3.898
3.502
3.898
4.639
4.33
3.655
3.417
3.687
3.471
3.399
2.732
2.626
3.298
4.044
3.871
4.031
3.877
4.14
4.13
4.741
4.859
4.646
4.476
4.882
4.778
5.305
4.906
5.6
5.602
5.04
4.681
5.123
4.951
5.075
5.818
6.097
6.332
6.394
6.284
6.654
6.933
6.976
7.54
7.63
6.731
6.418
7.21
7.27
7.3
7.09
6.884
7.05
7.47
7.51
7.23
7.98
7.91
7.29
7.81
6.877
6.87
6.989
6.888
6.411
7.03
6.435
6.297
6.22
6.277
6.661
6.606
6.675
6.675
6.642
6.688
6.48
6.452
6.78
6.845
6.334
6.681
6.129
6.612
6.324
6.848
6.575
6.971
6.576
6.675
7.11
6.252
6.955
6.819
6.921
6.627
5.871
5.433
5.656
6.253
5.261
5.724
5.504
5.523
5.445
5.305
5.761
5.701
5.548
5.76
6.003
5.777
5.829
5.723
6.041
5.521
5.808
5.057
4.704
4.273
5.104
4.835
5.128
4.796
5.586
5.98
6.169
5.75
5.724
6.595
5.964
5.7
6.637
6.621
6.443
6.193
6.639
6.75
8.19
7.32
8.07
8.18
8.31
8.26
9.01
8.35
7.68
7.99
8.12
8.68
8.98
8.65
7.79
8.48
8.73
6.461
7.89
7.91
6.855
6.804
7.39
7.04
6.594
7.11
6.609
6.194
6.59
6.366
6.837
5.963
5.292
6.218
6.897
5.72
5.168
5.919
5.788
5.756
5.521
7
6.242
5.37
6.19
5.849
5.666
5.266
6.145
5.955
5.27
6.248
5.959
5.265
5.281
4.733
5.54
5.962
5.342
5.251
4.363
5.186
5.584
5.069
5.301
6.247
4.809
5.15
4.949
5.812
4.669
5.303
5.357
4.526
5.506
5.087
5.128
5.146
5.84
4.955
4.118
4.99
5.944
4.131
4.809
4.112
3.531
5.642
4.427
4.632
3.831
4.662
5.712
5.314
4.902
4.827
3.942
4.507
4.013
3.42
4.355
3.872
4.675
5.421
4.831
4.6
5.519
5.641
5.86
4.738
3.403
5.383
4.703
4.358
5.129
4.197
5.381
5.207
5.249
3.788
3.042
4.578
4.301
5.079
5.416
5.242
7.6
6.863
6.999
6.723
7.26
7.47
7.76
9.01
8.19
6.896
6.138
6.467
6.03
8.16
10.02
9.8
8.78
9.11
8.4
7.61
7.69
6.788
6.735
9.32
8.55
9.18
8.55
9.12
7.22
6.807
5.642
6.596
6.815
5.828
5.403
5.557
5.119
5.207
4.417
4.754
4.501
4.055
3.597
3.091
2.344
2.232
3.436
3.967
5.064
3.879
3.504
4.064
5.3
5.917
5.985
4.877
5.448
5.486
6.148
6.047
6.389
7.02
7.1
7.58
7.21
7.69
7.9
7.33
7.06
7.66
7.16
6.69
6.741
6.734
7.22
7.07
7.92
7.13
6.658
7.05
6.392
5.737
6.333
6.685
6.841
7.1
7.11
7.44
7.55
7.24
7.77
7.1
7.19
7.71
6.867
6.966
6.241
6.41
6.4
6.878
6.08
5.82
6.551
6.099
6.358
6.238
5.821
6.693
6.268
6.288
6.196
6.188
5.743
6.202
6.026
6.294
6.225
5.978
6.055
5.46
5.544
5.738
6.199
6.403
6.792
6.616
6.13
5.709
6.325
5.868
6.26
5.867
6.287
6.338
7.1
7.11
7.04
6.557
6.645
6.709
6.602
6.647
6.597
6.298
6.275
5.791
6.004
6.611
6.612
5.86
6.142
6.54
6.617
6.388
7.31
7.21
6.954
7.43
7.25
7.46
7.13
6.77
8.09
6.895
7.52
7.33
7.62
7.43
8.22
7.96
8.16
8.51
8.4
7.53
7.71
7.45
7.62
6.935
6.941
7.2
7.37
7.3
6.003
6.443
5.741
6.491
6.244
6.866
5.379
6.162
5.474
5.659
5.959
6.072
5.245
5.955
5.197
4.63
4.913
5.201
4.55
4.431
4.521
3.778
4.1
4.097
3.409
4.029
3.585
3.442
2.981
3.522
3.448
3.468
1.806
2.899
2.107
2.881
3.041
1.802
4.203
2.182
3.111
2.907
3.096
2.083
3.011
2.518
3.333
3.515
4.025
2.02
4.506
3.348
3.4
3.656
4.728
3.868
4.081
3.659
4.686
4.615
4.153
4.23
4.216
4.129
4.668
5.483
3.246
4.584
4.468
4.33
3.963
4.448
4.403
3.587
4.126
5.164
4.599
3.152
2.533
5.078
5.451
5.613
4.719
4.869
4.653
5.436
6.375
5.028
4.844
5.227
4.412
4.704
6.084
5.843
5.163
6.68
5.646
5.214
4.769
4.418
5.536
4.543
4.9
5.108
4.626
5.593
4.924
5.245
4.717
4.188
5.37
5.392
5.563
8.72
10.54
9.39
9.06
8.64
8.67
8.23
7.4
8.41
8
6.277
7.36
6.172
6.6
7.24
7.01
6.262
6.476
7.24
7.47
7.13
5.912
6.163
5.7
6.109
6.641
7.14
7.68
7.11
6.846
5.933
6.089
6.367
6.494
6.621
6.965
5.997
5.779
6.006
6.314
7.32
7.4
6.654
7.04
6.424
7.11
7.42
7.83
8.39
8.53
7.74
8.01
7.01
7.25
6.407
7.43
7.33
7.44
7.68
7.3
7.09
7.84
7.08
7.2
7.32
8.03
7.62
6.908
7.81
7.64
7.97
6.919
6.509
6.657
7.43
6.77
6.041
5.714
6.829
7.2
6.751
7.26
7.29
6.563
6.958
7.18
7.05
7.32
7.21
7.7
7.34
7.38
7.73
6.455
6.592
6.469
7.5
6.873
6.884
6.918
6.591
6.94
6.846
6.716
6.614
7.07
7.13
6.415
7.25
7.18
7.03
6.906
7.1
6.899
6.392
6.315
5.951
6.205
5.383
5.774
5.806
5.836
5.423
5.569
5.652
6.064
5.25
6.326
5.796
6.014
6.041
5.732
6.063
5.268
5.168
5.665
4.976
5.753
5.416
5.224
5.29
4.856
5.34
5.242
6.339
6.633
6.802
6.515
5.622
6.515
6.747
6.799
7.42
7.02
7.27
7.93
8.43
8.78
7.79
8.63
6.874
8.51
8.09
7.94
8.51
6.398
7.56
6.594
6.374
6.869
7.4
7.26
7.85
7.49
7.43
6.855
7.15
6.759
6.339
7.14
6.852
6.123
5.342
6.208
6.285
6.032
6.641
5.81
5.954
5.496
5.247
5.183
5.936
5.764
5.156
5.679
5.036
5.061
5.091
4.056
4.537
5.48
4.251
5.372
4.286
4.193
4.477
4.008
5.155
4.229
4.221
4.555
3.949
4.12
4.609
3.714
4.47
3.804
4.529
4.277
4.7
3.7
3.908
4.641
4.466
2.585
4.133
3.827
3.489
4.672
3.841
4.299
4.5
3.779
4.522
4.528
2.946
4.632
4.923
5.388
4.185
5.104
5.036
3.653
4.454
5.356
5.075
4.557
4.194
4.823
3.485
4.646
5.879
5.157
4.337
3.807
5.361
4.63
4.982
5.806
3.21
5.437
4.941
4.981
5.598
4.945
4.217
6.478
5.436
5.212
6.087
5.313
5.428
5.813
6.545
6.132
6.082
6.074
6.558
6.82
7.06
6.63
6.439
6.595
8.12
7.17
8.23
8.46
7.92
7.95
8.22
8.65
8.73
7.59
8.45
9.31
7.83
7.74
7.26
7.94
8.53
7.97
7.71
7.39
7.42
7.51
7.3
7.63
7.01
6.73
6.464
6.404
6.507
6.589
6.733
5.753
5.85
6.086
6.123
6.018
6.485
6.153
6.674
7.09
6.205
7.37
6.821
6.861
6.775
6.053
6.749
6.993
7.62
7.16
6.505
6.013
7.32
7.17
6.231
6.205
6.187
6.952
6.898
7.5
6.652
6.391
6.701
7.22
7.12
7.41
7.77
6.815
6.816
7.1
7.01
6.753
6.902
6.368
6.136
5.872
6.196
6.87
6.703
6.527
7.16
7.12
6.342
6.206
6.593
6.221
6.8
7.66
6.479
6.409
5.844
5.777
5.891
6.161
5.466
5.894
5.499
5.776
5.453
5.679
6.36
6.295
6.09
6.346
5.837
5.56
5.783
5.424
5.12
5.57
4.812
5.096
4.673
5.14
5.409
5.325
4.905
5.015
5.306
5.37
4.934
4.589
5.251
4.998
5.413
5.036
4.635
4.44
4.596
4.603
4.376
4.873
4.933
5.531
4.994
5.871
5.874
5.823
5.727
5.417
4.474
5.06
4.287
4.233
4.234
4.905
4.836
4.941
5.159
5.628
5.176
4.867
5.537
5.604
5.423
5.164
5.059
6.545
5.543
6.039
5.879
7.44
5.615
7.7
7.29
7.63
7.35
7.56
6.552
5.799
6.656
6.715
5.699
6.691
5.974
5.207
5.897
6.261
6.195
5.041
5.785
6.289
6.092
6.13
5.983
5.92
5.487
5.773
4.952
5.834
5.785
6.206
5.658
5.094
5.43
5.751
4.925
5.11
5.362
5.489
5.3
4.038
4.074
4.144
5.172
4.501
5.058
3.765
4.194
3.848
3.451
3.788
4.314
4.421
3.25
3.633
3.194
4.099
2.951
3.545
3.352
2.956
3.79
3.238
4.273
3.81
4.286
5.43
5.638
3.779
3.731
5.565
3.377
4.826
4.772
5.157
4.244
3.749
5.272
3.222
2.423
5.131
3.693
5.747
3.977
4.24
5.811
2.782
3.991
4.81
2.621
4.867
4.651
5.99
5.037
4.445
5.578
6.173
5.195
6.367
4.988
5.431
4.7
5.226
5.744
4.283
3.956
4.607
4.994
4.818
3.555
3.667
3.633
3.425
4.29
3.238
1.876
2.32
2.806
3.642
3.765
7.4
7.18
9.25
9.12
9.53
11.44
7.81
9.28
10.04
6.63
9.75
9.15
7.69
8.5
10.95
12.94
14.38
10.04
9.52
7.44
5.733
6.578
6.227
10.48
8.7
7.18
7.45
6.878
6.966
4.743
5.593
6.844
8.25
8.02
7.46
6.873
7.22
6.538
5.858
5.668
4.614
5.447
5.653
5.533
5.22
5.23
5.233
6.31
6.594
5.871
4.737
4.009
3.667
4.09
4.752
4.554
4.805
5.143
5.365
6.708
7.04
6.574
6.67
6.916
7.18
7.13
6.587
7.4
6.319
3.779
3.404
3.69
3.88
4.266
4.777
5.008
3.797
4.069
5.243
5.379
6.769
7.28
5.574
5.243
4.234
5.624
6.936
6.036
7.36
6.834
6.44
6.432
5.124
3.511
3.499
3.664
4.95
5.453
4.438
5.912
6.035
5.493
7.01
8.18
7.33
6.676
3.549
1.852
1.341
3.178
3.426
6.286
2.691
3.321
2.744
4.459
5.34
4.737
4.732
3.802
2.142
3.855
4.534
4.387
2.787
3.524
2.491
5.672
3.907
4.471
6.14
5.538
6.274
4.823
4.771
5.223
4.483
3.58
5.258
6.466
6.876
7.33
5.962
5.097
4.928
5.321
5.491
6.007
5.384
4.991
4.973
5.34
4.815
4.775
4.643
4.842
4.691
3.674
3.421
2.978
3.323
4.093
4.729
5.347
6.031
6.801
6.976
7.32
6.473
6.45
6.019
5.321
5.046
4.4
4.693
4.711
4.847
4.841
3.847
3.593
3.952
3.83
3.768
2.741
2.883
4.078
4.233
3.991
4.221
4.173
4.696
3.627
4.025
4.662
3.913
4.286
3.731
3.624
3.363
2.991
2.372
1.603
1.622
.701
1.542
1.37
1.967
1.737
2.339
2.418
2.515
3.324
2.565
2.293
3.66
3.477
3.775
4.783
5.115
6.698
7.02
6.812
5.63
5.271
5.284
4.427
3.098
3.2
4.281
3.874
3.077
2.05
1.635
2.351
2.505
3.011
4.593
6.062
4.628
2.773
2.726
2.966
2.416
4.22
3.9
4.196
4.216
4.276
5.341
5.764
5.879
5.273
5.787
5.074
5.446
6.402
5.325
5.29
6.456
5.58
5.026
5.699
4.874
5.31
4.821
5.453
5.438
6.157
4.01
4.748
4.895
4.392
4.994
4.135
4.373
4.36
5.029
3.849
5.358
4.282
5.414
5.743
4.905
6.029
4.95
4.987
5.355
5.36
4.67
5.856
5.815
5.744
4.996
5.221
5.743
5.575
5.027
5.674
5.46
5.624
4.374
4.949
4.517
3.902
4.785
5.192
3.902
4.357
4.392
2.933
3.242
3.754
3.938
3.862
3.346
3.309
3.299
3.389
3.423
3.556
3.293
3.418
3.413
3.164
3.323
3.389
3.359
3.286
3.206
3.101
3.179
3.409
3.703
3.634
3.163
3.258
3.395
2.925
3.01
2.773
2.819
3.333
5.718
8.14
7.17
4.555
3.396
4.603
5.609
5.307
6.083
5.623
4.941
3.626
2.467
2.734
2.055
1.478
1.316
2.237
3.011
2.435
3.314
4.078
4.607
2.977
1.156
.872
.907
1.623
2.314
2.73
2.807
2.471
2.544
2.069
1.41
1.441
1.979
2.163
2.171
2.46
2.28
2.191
2.051
2.242
2.437
3.111
3.621
3.696
4.907
3.835
3.646
4.96
4.554
5.45
5.342
6.155
6.822
7.25
6.868
8.06
7.41
6.471
8.11
8.17
7.5
7.71
7.34
6.897
7.1
6.064
7.02
6.976
5.673
7.03
6.347
7.76
7.1
6.456
5.897
5.391
5.887
7.01
7.12
5.991
6.675
7.28
5.463
5.544
6.264
5.844
5.724
6.551
5.325
4.908
4.878
4.369
4.561
4.478
4.143
4.236
4.024
4.308
4.444
5.532
5.895
4.619
5.428
5.815
5.533
5.019
4.623
5.345
5.119
5.315
5.642
5.614
5.613
6.358
6.359
6.405
5.929
6.353
6.737
6.828
5.837
6.462
7.17
6.66
6.707
6.221
5.305
5.634
5.92
6.083
6.942
6.462
6.36
6.517
5.769
5.663
5.63
5.709
5.346
5.365
5.331
5.807
5.991
5.484
5.039
5.286
4.685
5.563
5.011
4.837
4.728
4.493
5.298
4.206
4.518
4.899
4.548
4.561
4.093
4.777
4.66
4.71
4.402
5.219
5.133
4.122
4.845
4.658
3.565
4.614
5.032
4.924
4.298
4.098
6.048
4.215
4.637
4.942
5.763
5.533
4.067
4.649
5.482
4.594
4.22
5.233
3.516
4.022
4.313
4.784
4.613
3.179
5.089
4.507
3.059
5.493
4.684
5.346
5.086
5.519
5.005
4.878
4.58
5.555
4.292
5.93
4.887
5.185
5.209
6.723
5.921
4.314
6.016
4.864
5.063
5.738
5.538
5.742
4.941
4.288
4.983
5.929
4.985
4.922
4.442
4.423
4.75
5.366
5.518
4.718
5.919
5.724
4.536
5.431
4.959
5.714
4.98
5.063
6.828
4.932
6.335
6.84
6.653
5.946
6.333
6.74
6.28
5.246
5.993
5.983
6.506
5.67
6.111
5.209
5.34
5.545
6.533
6.507
6.429
5.354
5.067
4.511
4.82
4.864
4.658
4.844
4.628
5.183
5.344
5.394
4.973
4.774
4.788
4.41
4.466
4.577
4.218
4.292
4.779
4.889
4.624
4.388
4.512
4.641
4.762
4.768
4.534
4.509
4.918
4.922
4.674
4.261
4.257
4.011
4.502
4.438
5.172
5.181
5.369
5.423
5.273
4.753
4.869
4.914
5.186
5.381
4.87
6.02
5.412
6.145
5.461
5.963
5.991
5.795
6.066
5.713
5.39
5.692
5.109
5.15
5.363
5.383
5.25
5.361
4.814
5.232
5.097
4.527
4.572
4.022
4.032
3.619
3.879
3.692
3.82
3.956
3.649
3.83
4.188
4.537
4.396
4.28
3.867
3.465
3.547
3.236
3.194
3.179
2.943
2.518
2.359
2.141
2.117
2.659
2.669
2.675
2.781
2.863
2.631
2.782
3.106
3.366
3.331
2.859
2.639
2.606
2.809
3.284
3.546
3.458
2.679
2.501
3.203
3.732
3.629
3.17
3.439
3.465
3.33
3.345
3.646
3.229
3.28
3.928
4.034
3.897
3.815
4.134
5.161
5.78
5.016
5.659
4.379
5.691
6.054
7.04
6.094
5.356
6.449
5.463
6.193
6.64
6.353
7.02
7.34
7.1
6.617
6.07
6.334
6.335
7.48
6.519
7.44
6.672
6.741
5.592
7.8
7.33
6.301
6.655
7.47
6.252
6.209
6.855
6.598
6.398
5.303
6.416
6.009
6.216
5.857
5.331
6.225
6.669
5.515
7.22
6.545
6.292
6.13
6.424
6.735
5.062
5.847
6.11
6.292
6.634
7.22
5.007
5.54
5.605
6.138
6.543
5.893
5.888
5.972
6.136
5.524
5.697
4.843
5.118
5.129
4.647
4.955
5.793
5.201
5.058
4.831
3.571
3.985
6.035
4.999
4.986
5.153
4.833
2.553
4.985
4.522
4.88
5.992
4.197
4.206
5.493
6.101
5.003
3.608
3.838
4.486
4.042
6.014
4.21
4.486
4.958
5.37
4.973
5.253
3.39
4.361
4.158
6.793
4.575
5.034
5.312
4.021
4.327
5.057
5.678
4.317
5.949
3.283
6.075
5.318
6.362
6.218
4.417
4.002
4.1
4.68
4.087
5.392
5.116
5.387
7.14
5.799
6.091
5.327
5.644
5.307
5.846
5.731
6.609
5.773
3.966
5.526
6.037
6.475
5.839
6.525
6.493
6.202
5.405
5.649
4.846
5.755
5.014
5.296
5.299
5.049
5.003
4.396
4.823
4.335
4.129
4.143
4.132
4.404
4.564
5.102
4.666
4.314
4.418
4.479
4.225
4.563
4.816
5.071
5.209
4.803
4.53
4.544
4.256
4.699
4.936
4.874
5.397
4.804
4.739
4.929
4.979
5.237
5.192
5.559
5.263
5.116
5.765
5.934
5.312
4.859
4.841
5.519
5.472
6.091
5.663
5.822
5.706
5.782
5.881
6.141
5.806
6.204
6.125
5.559
5.772
5.602
5.688
5.05
5.469
5.607
5.206
5.442
4.906
4.607
4.475
4.172
4.705
4.385
4.58
4.471
4.18
4.341
3.827
3.687
4.306
4.418
4.41
3.676
4.171
4.251
3.912
3.888
3.922
4.191
3.968
4.188
4.363
4.337
4.178
3.808
3.917
3.738
3.833
3.739
3.318
3.532
3.662
3.618
3.725
3.86
4.067
3.701
3.706
4.008
3.566
3.97
3.757
3.602
3.52
3.42
3.686
3.34
3.332
3.53
3.339
3.142
3.441
3.226
3.489
3.552
3.676
3.362
3.226
3.371
3.815
4.062
4.142
4.219
3.768
3.447
4.046
5.048
5.181
4.643
4.985
5.433
5.51
5.372
5.387
5.538
5.17
5.801
5.846
6.17
5.504
5.78
5.97
6.593
6.191
6.463
6.179
6.54
5.835
5.976
6.547
5.87
6.144
5.914
6.056
5.623
5.769
5.859
5.793
6.969
6.254
4.929
6.051
6.22
5.776
5.762
5.948
5.579
5.112
6.157
6.805
6.347
5.126
6.113
5.243
5.892
6.082
4.675
4.808
5.025
5.396
5.382
5.979
4.888
5.581
4.794
4.767
7.26
5.936
5.802
5.193
4.387
6.374
8.08
6.298
5.37
6.807
6.398
6.624
5.891
6.736
7.25
6.133
6.149
5.489
5.721
6.274
5.173
7.2
6.439
6.484
5.553
6.55
6.207
6.561
5.263
7.08
6.551
5.207
6.704
7.47
6.12
6.309
6.288
5.308
5.252
7.39
6.255
7.9
6.423
6.806
7.51
7.5
4.396
5.889
5.069
6.173
5.187
5.578
6.132
6.042
6.475
5.078
6.093
6.491
4.971
5.844
6.078
6.822
6.139
6.269
6.095
5.339
5.111
5.532
4.769
5.565
5.207
6.224
5.608
5.345
5.341
5.485
6.431
6.106
5.694
4.752
6.152
6.451
5.321
5.49
5.717
4.9
5.539
5.471
5.246
5.695
3.744
4.374
4.513
4.514
4.497
4.401
4.144
4.153
3.618
3.522
4.246
4.108
3.749
3.772
3.488
3.385
3.257
3.179
3.239
3.268
3.303
3.226
2.907
3.247
3.036
3.417
3.527
3.293
3.43
3.469
3.434
3.224
3.495
3.468
3.564
3.56
3.406
3.046
2.678
2.549
2.573
2.494
2.637
2.408
2.16
2.682
3.21
2.867
2.882
2.71
2.416
1.831
2.299
2.827
2.417
2.174
2.266
2.155
2.184
1.964
1.99
1.965
2.009
2.542
2.404
2.044
1.755
1.666
1.591
1.857
2.239
2.402
2.391
2.168
2.323
2.411
2.71
2.764
2.313
2.363
2.426
2.5
1.987
1.486
1.099
1.111
1.324
1.775
2.089
2.274
2.148
1.841
1.679
1.702
1.8
2.108
2.185
2.136
1.713
1.675
1.618
1.538
2.053
2.31
2.346
1.91
1.955
2.123
2.208
2.316
2.395
2.4
2.275
2.152
2.418
2.536
2.558
2.588
2.645
2.478
2.15
2.362
2.397
2.391
2.305
2.359
2.259
2.163
2.131
2.213
2.309
2.352
2.499
2.861
2.737
3.083
2.669
2.839
3.314
3.405
3.829
3.431
3.454
4.108
4.038
4.178
4.887
4.564
4.484
5.374
5.128
5.101
5.791
4.987
5.185
5.83
5.218
4.36
4.554
4.918
3.926
4.734
4.867
4.984
5.201
4.915
5.68
5.297
4.223
5.029
5.158
4.099
4.622
4.726
4.963
4.685
4.915
5.352
5.235
4.425
4.09
4.72
4.981
4.567
4.445
4.892
4.87
4.101
4.336
6.122
4.891
5.571
6.813
4.899
5.734
6.674
3.814
5.198
5.837
5.979
5.536
5.275
5.904
3.936
5.529
6.662
6.435
5.073
6.965
5.92
5.865
5.769
4.781
6.047
6.627
6.765
5.114
5.463
6.404
5.672
5.806
6.157
5.654
5.677
5.867
7.46
5.927
6.457
6.653
3.939
5.757
5.647
5.187
6.884
6.314
5.244
5.398
6.427
5.398
5.952
5.349
4.83
6.632
5.31
5.878
5.451
3.833
6.397
5.864
5.502
5.281
5.624
4.653
5.146
5.961
7.12
5.042
4.628
4.751
5.157
4.553
3.638
6.407
6.202
4.872
7.63
5.52
6.527
5.243
4.631
6.486
6.548
4.913
4.739
6.491
4.827
5.724
6.223
6.636
5.597
5.744
5.597
5.723
5.699
6.048
5.787
6.238
5.05
5.073
4.032
4.84
4.964
4.446
4.726
3.607
3.672
3.458
3.706
3.736
4.076
3.623
3.392
3.439
3.408
3.127
3.019
3.036
2.837
2.656
2.715
2.621
2.713
2.811
3.079
3.16
3.042
2.949
3.016
3.114
3.049
2.831
2.981
3.187
2.882
2.767
2.986
2.732
2.971
2.779
2.691
2.65
2.545
2.67
2.573
2.763
2.909
3.048
3
3.05
2.813
2.713
2.465
2.464
2.529
2.702
2.901
2.87
3.042
3.509
3.607
3.799
3.875
4.111
3.528
3.138
3.151
3.119
2.975
2.632
2.172
1.972
2.249
2.166
2.57
2.451
2.209
2.26
2.039
1.937
1.808
1.85
1.797
1.909
2.013
1.97
1.896
1.622
1.518
1.549
1.958
2.393
2.159
2.156
1.819
1.556
1.501
1.551
1.469
1.55
1.56
1.943
2.127
2.026
1.967
2.586
2.522
2.196
1.973
2.349
2.566
2.892
2.845
2.605
2.245
2.221
1.6
1.414
1.325
1.777
1.9
1.631
1.873
1.885
1.936
2.605
2.508
2.332
2.456
2.25
2.273
2.409
2.191
2.275
2.509
2.874
2.631
3.026
3.029
3.302
3.517
3.951
3.93
5.12
4.758
4.62
5.595
5.73
5.702
5.452
5.247
5.951
5.466
5.922
6.244
5.91
5.67
5.382
5.942
5.573
5.417
4.514
6.182
5.885
6.053
6.145
5.422
4.815
4.906
5.489
5.494
5.79
5.346
6.173
5.632
5.25
5.156
5.323
4.772
4.922
4.594
4.893
5.994
4.666
4.975
4.574
4.808
5.213
5.415
4.113
3.757
5.434
3.86
5.526
5.388
4.329
3.969
4.24
4.22
5.753
3.207
5.918
4.53
5.152
3.287
3.882
5.587
5.374
4.762
3.259
6.121
5.08
4.717
3.541
5.1
4.586
4.996
4.818
3.495
6.377
6.026
5.553
4.837
6.124
5.474
4.843
5.296
5.909
4.782
5.956
6.816
4.735
4.359
5.932
6.181
5.536
5.815
6.519
6.222
4.958
7.06
4.387
6.298
6.509
7.07
5.53
5.037
6.297
6.459
5.769
5.898
6.722
6.584
5.426
5.928
5.822
5.834
5.716
4.997
5.604
6.226
5.672
5.505
5.634
5.162
5.921
6.381
6.361
6.361
5.266
7
6.603
6.401
5.69
5.222
5.019
5.4
4.826
4.778
5.756
4.674
5.332
5.226
5.432
4.829
5.209
4.431
4.704
4.247
5.063
5.551
5.535
4.673
4.945
4.981
5.291
5.484
5.067
4.931
4.466
4.622
4.257
4.832
4.767
4.585
4.632
4.305
4.072
4.669
3.995
4.068
4.188
4.228
4.496
3.953
4.287
3.967
4.422
4.779
5.107
4.933
4.086
4.009
4.071
4.02
4.54
4.422
5.13
5.011
5.155
4.47
4.638
4.597
4.848
4.822
4.866
4.634
4.433
4.55
4.403
4.473
4.062
4.263
4.455
4.14
3.799
3.706
3.907
3.421
3.828
3.725
2.902
2.931
2.907
2.514
2.399
2.592
2.743
2.674
2.937
2.598
2.578
2.32
2.248
2.577
2.843
2.857
2.785
2.783
2.696
2.455
2.436
2.556
2.73
2.725
2.478
2.298
1.998
1.586
1.55
1.774
2.097
2.571
2.84
2.642
2.587
2.822
2.83
2.799
2.543
2.484
2.318
2.395
2.512
2.623
2.44
2.223
2.242
2.313
2.611
2.653
2.323
2.234
2.025
2.071
2.408
2.739
2.876
3.144
2.96
2.595
2.193
2.514
2.719
2.466
2.294
1.705
1.775
2.322
2.61
2.732
2.918
2.827
3.157
2.987
2.648
2.684
3.898
3.81
4.277
4.362
5.441
5.851
5.481
5.885
6.705
5.53
5.872
7.24
5.101
7.13
6.723
6.327
6.148
5.726
5.453
6.425
6.405
5.129
6.646
5.754
6.517
6.375
5.939
5.988
6.564
6.175
6.807
5.888
6.647
6.688
6.231
5.952
4.996
6.084
5.432
6.256
5.954
4.335
5.52
5.763
6.175
5.466
5.785
5.637
5.202
5.038
6.027
5.035
5.702
5.4
4.694
5.979
5.578
4.678
5.404
4.901
5.554
6.024
5.895
4.994
4.714
5.027
4.005
5.18
4.604
5.55
5.009
4.346
5.236
4.596
5.315
4.896
3.31
5.181
5.973
4.326
5.461
4.115
4.581
5.322
4.412
5.969
5.933
4.912
4.372
5.8
6.057
4.567
4.374
6.886
5.365
5.392
5.629
5.305
6.253
6.508
5.021
5.041
4.661
5.261
5.184
4.832
6.004
3.971
6.59
6.959
5.341
5.094
6.826
5.199
6.665
5.492
5.086
5.86
5.764
5.96
5.994
5.337
6.279
4.492
7.15
5.329
5.393
5.648
4.735
4.954
4.195
4.171
5.7
5.427
5.406
4.937
4.727
5.841
5.39
5.707
4.411
5.198
6.406
4.336
4.823
5.542
5.151
4.866
4.594
4.16
4.112
3.712
4.038
4.233
3.918
3.678
3.188
3.139
3.039
2.913
3.221
3.122
3.295
3.338
3.036
3.107
2.851
2.766
3.054
2.936
2.719
2.862
2.752
2.83
3.103
3.141
3.161
3.294
3.085
3.364
3.395
3.346
3.017
2.884
2.691
2.727
2.585
2.74
2.734
2.637
2.591
2.808
2.87
3.065
3.005
2.513
2.61
2.66
2.98
3.645
3.284
3.356
3.123
2.816
2.858
3.313
3.4
3.291
2.968
3.584
3.4
3.173
3.367
3.499
3.749
3.668
3.847
3.45
3.576
3.77
3.665
3.595
3.784
4.193
4.191
4.141
3.879
4.123
4.151
4.073
3.846
4.125
3.887
3.65
3.798
4.126
3.816
4.083
3.735
3.791
3.808
3.965
3.894
3.792
3.568
3.633
3.637
3.537
3.456
3.64
3.417
3.361
3.353
3.073
2.814
2.599
2.511
2.481
2.672
2.803
2.447
2.223
2.156
2.211
2.149
1.861
1.843
1.716
1.759
1.68
1.612
1.441
1.646
1.621
1.538
1.524
1.343
1.205
1.562
2.111
2.338
1.951
1.629
2.033
2.482
2.276
2.744
2.708
2.731
2.801
4.058
4.518
4.805
4.646
4.722
5.828
5.376
5.626
5.76
5.257
5.601
4.859
5
4.415
4.676
5.045
5.385
4.808
5.118
4.893
4.262
5.025
5.123
5.849
4.152
3.946
5.073
4.066
4.367
3.649
4.011
4.467
4.073
3.67
4.214
3.365
3.203
4.827
4.11
3.686
5.566
5.688
5.106
5.49
6.126
6.018
5.402
6.278
5.7
6.37
5.548
4.911
5.953
6.95
4.866
6.175
5.343
5.418
4.02
5.764
5.805
5.73
5.648
5.34
5.873
5.424
4.763
4.07
4.706
5.351
4.556
4.451
4.175
5.597
3.578
5.759
5.753
3.901
4.996
7.08
4.975
5.609
5.645
4.918
5.803
6.613
4.845
5.558
5.158
5.428
6.166
5.058
4.051
5.783
6.394
5.513
3.659
6.149
6.38
2.569
5.385
6.556
6.527
4.851
6.313
5.216
4.122
4.362
6.117
6.656
5.244
5.186
3.692
5.709
4.647
5.102
4.719
6.084
5.7
4.869
4.362
4.611
4.723
4.104
3.952
4.01
3.958
5.415
5.14
4.68
4.468
4.636
5.239
4.689
3.68
5.024
5.647
4.789
3.593
4.609
4.554
4.491
5.367
4.367
4.729
4.861
3.928
4.458
4.788
4.652
4.402
3.985
3.644
3.885
3.377
3.349
3.28
3.637
3.65
3.074
3.144
3.185
3.012
3.132
3.528
3.391
3.179
2.599
2.606
2.517
2.448
2.769
2.972
2.801
2.712
2.608
2.67
2.654
2.762
2.507
2.779
2.971
3.02
3.166
3.303
3.479
3.601
3.518
3.49
3.421
3.173
3.057
2.998
2.929
2.598
2.806
2.572
2.336
2.328
2.642
2.905
3.07
3.121
2.836
2.773
3.039
3.013
3.007
3.302
3.368
3.789
3.721
3.983
3.559
3.472
3.427
3.279
2.974
3.192
3.324
3.264
3.206
3.192
3.108
3.488
3.379
3.264
3.155
3.006
2.951
2.763
2.495
2.999
2.972
3.01
3.061
3.217
3.432
3.683
4.043
3.962
3.841
3.757
3.636
3.378
3.322
3.263
3.294
3.512
3.333
3.497
3.403
3.158
3.079
2.768
2.69
2.547
2.247
2.241
2.251
2.144
2.227
2.188
2.185
2.375
2.201
2.123
2.153
2.258
2.095
1.984
1.891
1.825
2.01
2.083
2.184
2.25
2.475
2.537
2.516
2.411
2.388
2.23
2.161
2.134
2.411
2.79
2.808
2.834
3.28
3.977
4.148
4.898
5.695
5.495
5.778
5.526
5.38
5.603
6.167
4.676
6.158
6.694
6.122
6.638
5.761
6.548
6.128
6.944
6.049
5.854
5.638
7.21
7.18
6.698
6.19
6.264
6.591
5.218
5.543
4.751
5.488
5.47
5.135
5.997
5.769
5.072
5.309
5.63
6.068
5.238
6.416
5.61
5.715
7.56
6.774
7.58
5.688
6.579
6.972
4.905
6.076
6.214
5.491
4.806
5.7
6.121
6.447
6.769
6.18
4.851
6.252
6.217
6.585
6.477
4.384
5.926
5.915
6.289
4.383
5.276
3.42
5.321
5.369
6.331
4.901
5.147
3.524
6.256
3.111
3.697
5.238
4.059
5.892
5.928
4.096
3.931
4.746
4.717
5.015
5.808
4.244
4.21
5.346
4.897
4.844
4.012
6.949
4.483
2.784
3.702
5.001
3.986
5.139
4.68
5.202
4.667
4.368
5.502
3.576
5.379
4.451
2.366
2.046
3.5
5.149
2.693
5.568
4.369
5.986
5.718
3.879
2.326
3.345
2.977
4.406
5.209
4.984
3.628
3.118
4.003
4.788
4.218
3.887
4.083
3.079
3.493
4.041
4.628
4.409
2.205
4.084
3.893
4.047
4.624
3.823
3.433
3.698
4.108
3.577
3.209
2.997
2.744
2.775
2.778
2.914
2.919
2.813
2.872
3.02
3.027
3.174
2.999
3.024
2.723
2.501
2.295
2.889
3.223
3.078
3.092
3.37
3.604
3.608
3.854
3.343
3.9
3.846
3.91
4.065
3.807
3.955
3.707
3.817
3.752
3.621
3.438
3.318
3.237
3.357
3.258
3.171
3.207
2.993
2.775
2.765
2.525
2.682
2.709
2.733
2.804
2.956
2.894
2.955
3.273
3.237
3.193
3.419
3.477
3.242
3.026
3.109
3.543
3.384
3.413
3.359
3.386
3.138
3.25
3.465
3.039
3.091
2.934
3.246
3.326
3.513
3.629
4.093
4.309
4.378
4.043
3.986
3.858
3.693
3.665
3.364
3.863
3.737
3.616
3.958
3.886
4.225
4.508
4.193
4.471
4.281
3.903
3.79
4.066
3.665
3.509
3.39
3.096
2.819
2.779
2.731
2.728
2.531
1.726
1.635
2.171
2.583
2.654
2.825
2.757
2.767
2.501
1.317
.822
1.126
1.569
1.894
1.963
2.081
2.119
2.394
2.435
2.225
2.077
2.173
2.085
1.939
2.141
2.235
2.451
2.597
3.532
3.948
4.039
4.349
5.347
5.099
5.847
4.536
5.571
4.511
4.919
5.594
5.234
5.423
5.179
4.178
4.496
4.668
4.771
4.259
5
3.519
4.18
3.86
4.595
4.25
4.562
4.622
4.687
4.809
4.243
5.768
5.094
5.247
3.699
4.933
4.371
4.798
4.311
4.471
5.732
5.833
6.063
4.278
5.392
5.968
6.492
6.419
5.332
6.53
6.061
6.084
5.406
6.038
6.633
5.85
5.868
6.26
7.19
4.853
5.963
6.102
6.375
6.492
5.81
4.466
5.417
5.768
5.155
5.833
5.818
4.147
6.447
6.83
5.053
4.864
5.118
4.621
5.278
6.546
4.242
4.965
6.174
3.14
5.824
5.759
5.675
4.679
5.154
6.124
6.378
6.12
5.601
4.644
4.44
5.99
4.729
5.089
5.279
5.352
5.615
4.516
5.777
4.465
6.672
5.675
3.322
6.086
5.686
4.453
4.912
6.422
5.648
3.717
4.194
4.915
5.224
6.29
4.845
5.757
4.127
3.56
5.733
6.1
5.309
5.099
6.463
5.235
4.814
4.185
4.894
5.13
5.69
6.22
4.917
5.454
4.843
3.957
5.123
3.623
4.655
3.882
4.293
3.914
4.454
4.861
4.776
4.361
4.022
3.775
3.699
3.37
3.665
3.09
2.843
2.778
3.071
2.567
2.181
2.135
2.226
2.023
2.252
2.461
2.663
2.909
2.84
2.653
2.656
2.507
2.32
2.074
2.087
2.254
2.605
2.741
2.605
2.752
2.584
2.943
3.028
3.355
3.664
3.318
3.324
3.386
3.688
3.649
4.081
4.136
4.142
3.95
3.83
3.478
3.627
3.642
3.531
4.159
3.958
3.868
3.98
4.106
4.134
3.882
3.597
3.205
3.259
3.457
3.282
3.199
3.005
2.814
2.661
2.77
2.689
2.615
2.823
2.693
2.817
2.966
2.986
2.863
2.835
2.873
3.198
3.237
2.948
2.567
2.401
2.458
2.41
2.409
2.382
2.249
2.468
2.56
2.078
2.039
2.409
2.966
3.084
3.021
2.667
2.465
2.064
1.805
1.688
1.509
1.353
1.51
1.567
1.327
1.282
1.242
1.416
1.833
1.749
1.436
1.077
.747
.715
.58
.606
.424
.74
.919
.84
1.075
1.52
1.771
1.515
1.184
1.107
1.381
1.345
1.236
1.079
.956
.995
1.027
.874
.593
.632
.934
1.019
.922
.911
.881
1.02
1.829
2.123
1.879
1.467
1.498
1.507
1.667
1.805
2.448
2.263
3.049
3.315
3.747
4.005
4.185
4.064
3.724
3.683
3.637
3.36
3.534
3.557
2.845
2.996
2.849
3.064
2.21
3.152
2.825
2.028
2.063
2.793
2.274
2.164
2.123
2.91
2.708
1.506
2.246
2.334
1.773
1.185
2.44
2.807
2.528
2.839
2.47
2.45
3.168
2.031
2.126
4.095
2.083
1.837
3.66
3.376
2.071
4.828
3.703
4.101
3.215
2.478
4.533
3.512
3.209
3.315
2.033
3.992
5.704
3.942
3.353
3.791
2.331
2.48
4.666
2.633
6.018
5.186
3.532
4.336
3.012
3.117
3.868
4.51
4.869
4.433
3.976
3.245
3.543
1.657
5.282
3.114
2.527
2.866
4.814
4.064
4.865
5.397
4.195
2.811
2.696
6.19
3.682
3.804
4.434
6.006
5.711
3.575
2.66
3.492
2.394
2.149
3.706
3.092
4.634
4.37
3.718
3.338
4.634
3.662
4.216
4.751
4.474
4.65
3.721
5.115
4.093
4.126
3.891
4.206
4.192
4.689
4.754
4.462
5.99
5.114
5.343
4.488
4.126
5.615
4.732
3.81
3.936
4.335
3.354
4.804
3.869
4.544
5.429
6.331
5.383
4.613
5.334
5.32
4.454
3.933
4.386
4.406
4.525
4.573
4.172
3.897
4.112
6.075
5.861
4.656
4.357
4.159
4.259
3.884
3.497
3.813
3.578
3.78
3.529
3.776
3.849
3.809
3.256
3.011
3.055
2.664
2.253
2.473
2.554
2.657
2.591
2.556
2.082
1.925
1.76
1.785
1.711
1.496
1.499
1.249
1.272
1.426
1.749
1.708
1.68
2.013
1.791
1.882
1.916
2.14
2.07
1.933
2.09
2.273
2.686
2.762
3.373
3.921
3.875
3.618
3.474
3.09
2.909
3.27
4.974
5.96
5.449
7.57
4.453
7.78
5.556
6.28
7.02
7.24
6.705
8.18
8.45
7.44
6.653
7.33
7.93
7.4
7.15
7.03
7
6.541
6.468
6.891
5.527
5.561
5.407
5.394
5.316
5.988
5.79
5.468
5.337
4.662
4.024
3.923
4.139
3.723
3.045
2.659
3.21
2.939
3.034
2.558
2.848
2.957
2.71
2.135
2.065
1.908
1.889
2.065
1.769
1.699
2.099
2.096
2.106
2.179
2.38
2.346
2.244
2.348
2.02
2.543
2.232
2.593
2.597
3.184
3.804
3.335
4.028
3.909
4.092
3.87
3.818
3.842
5.526
5.594
5.756
5.094
5.546
5.955
6.298
6.05
7.43
5.712
6.123
6.538
6.839
6.193
6.972
6.254
5.073
5.952
5.345
5.182
4.905
5.335
3.882
5.255
5.709
5.115
5.372
4.982
4.642
4.049
4.462
4.492
4.113
4.876
4.209
5.209
4.56
4.254
5.541
5.433
4.7
4.822
5.308
4.538
4.495
5.501
5.827
4.765
4.502
4.874
5.826
5.662
5.584
4.343
5.311
4.305
5.666
5.314
4.945
5.173
5.309
4.052
5.119
5.373
3.914
4.831
3.848
2.597
4.276
3.989
2.016
4.183
2.655
1.556
2.011
3.559
2.688
5.049
3.886
3.645
4.027
3.961
2.657
3.059
7.16
6.55
4.108
5.243
5.387
6.111
5.4
4.92
5.42
6.297
5.039
5.287
4.217
3.414
2.767
4.163
3.436
3.036
4.279
4.684
4.459
4.816
5.649
4.181
5.394
5.671
6.273
5.751
4.388
2.675
2.067
1.627
4.348
3.088
2.044
1.766
2.751
2.914
2.816
3.167
3.665
4.422
3.754
3.242
4.689
3.918
3.47
3.063
4.083
4.716
6.24
5.255
4.117
4.486
3.937
3.719
3.88
3.38
3.135
3.276
3.505
3.19
3.098
2.938
2.589
2.361
2.302
2.694
2.726
2.931
3.095
3.062
3.176
3.101
3.41
3.362
3.542
3.655
3.61
4.206
3.775
3.046
3.524
3.563
2.752
2.838
3.28
2.687
2.439
2.503
2.303
2.346
2.643
2.397
2.076
1.843
1.845
1.594
1.525
1.72
1.867
1.868
2.199
2.003
2.05
1.94
1.99
1.752
1.513
1.237
.864
1.12
1.28
1.438
1.325
1.574
1.669
1.82
1.821
1.764
1.626
1.453
.508
.583
.152
.969
.51
.203
.029
0
0
.048
.014
.574
.392
0
0
0
0
.106
.331
.006
.323
.96
.193
.135
.441
.987
.954
1.048
.832
.715
.952
1.323
1.319
1.209
1.574
1.296
1.426
1.34
1.299
1.925
1.896
1.613
1.458
1.782
1.801
1.799
1.772
1.482
1.653
1.39
1.258
1.461
1.522
1.699
1.85
1.946
1.995
2.011
2.095
1.571
.981
.17
.127
.176
.506
.685
.72
.798
.768
.872
.811
.744
.63
.56
.56
.716
.689
.806
.894
.722
1.155
1.197
1.043
.143
.606
.882
.353
.364
.482
.808
.869
.509
.8
1.21
.837
.468
1.02
.927
.398
.619
1.283
1.065
1.251
.951
1.627
1.509
1.473
1.77
1.33
1.909
1.901
1.608
1.51
1.951
1.875
2.129
1.349
.554
2.425
1.903
1.301
.832
2.852
2.225
1.74
1.547
2.28
2.756
1.815
1.72
2.998
1.692
.793
.939
1.579
3.269
2.266
2.894
3.135
3.466
3.676
3.717
4.086
3.263
3.377
2.133
3.699
2.181
2.71
2.934
2.703
2.591
4.316
3.662
2.729
1.44
3.607
4.226
3.124
3.559
3.953
3.555
3.359
3.526
2.286
3.127
3.659
2.591
3.494
3.071
3.302
3.425
2.109
2.033
2.716
3.02
4.861
3.435
2.42
.435
2.481
1.675
2.78
3.455
3.68
3.693
2.306
2.358
4.831
4.777
2.563
2.135
1.937
2.087
1.807
2.926
4.038
3.358
2.779
3.483
3.713
3.204
2.82
2.96
3.667
3.756
4.13
3.262
3.786
5.478
6.068
5.086
4.948
4.328
4.726
4.663
4.726
3.634
3.049
4.204
4.952
4.062
4.917
3.816
2.079
2.582
1.841
2.267
2.074
1.187
1.198
1.721
2.498
2.558
1.736
1.569
2.409
3.351
3.661
2.232
2.281
1.962
2.289
2.322
1.873
1.54
1.188
.946
.487
.063
.461
.636
.597
1.269
1.056
1
.877
.171
.258
.336
.73
.776
.93
2.066
1.603
1.871
1.913
1.833
1.56
1.432
1.528
1.943
2.285
2.588
2.61
2.144
1.993
1.945
1.783
2.483
3.006
2.774
2.197
2.439
2.175
2.621
2.418
2.476
2.704
3.039
3.108
2.753
2.349
1.936
1.934
1.772
2.258
1.777
2.283
2.444
2.275
2.147
2.482
2.164
2.392
2.906
2.627
2.356
2.276
1.989
2.162
2.631
2.972
2.919
3.329
3.143
3.632
3.352
2.798
2.518
3.375
3.03
2.458
2.215
2.668
2.634
1.815
1.544
1.076
1.94
1.321
.891
.728
.79
.814
1.321
1.57
1.615
1.68
1.023
.384
.109
.637
.779
1.084
.848
.265
.233
.645
.94
.923
1.057
.908
1.139
.945
.33
0
0
.793
1.239
.408
.407
1.151
1.012
.626
.689
.404
.862
.524
.501
.613
.358
1
.883
.871
1.533
1.196
1.58
.75
1.177
.773
.251
1.073
1.356
.969
.577
1.184
1.576
1.19
1.439
.673
1.902
1.004
1.145
2.134
1.598
1.519
1.922
2.288
2.311
2.446
1.738
1.643
1.248
2.618
2.649
1.779
2.489
2.85
2.249
3.166
2.137
3.937
1.583
3.068
4.552
2.733
3.525
4.523
3.229
3.627
5.623
3.644
4.481
4.714
3.123
4.638
4.832
3.164
3.23
3.319
4.348
4.763
4.958
3.79
4.272
4.157
4.208
4.968
4.783
5.471
3.164
4.224
2.542
4.558
4.416
4.573
3.375
2.938
4.336
4.476
4.767
5.013
4.064
3.523
4.76
4.04
5.284
3.456
4.306
4.752
2.997
4.556
2.999
1.889
2.109
.753
3.778
3.904
3.414
1.921
1.502
2.747
4.045
3.33
3.585
1.512
2.079
2.314
3.315
3.973
3.564
3.561
2.309
3.677
2.887
3.207
3.347
1.74
3.126
3.84
3.134
3.697
3.227
2.502
2.045
2.927
3.07
4.145
3.86
3.673
3.862
4.446
4.111
4.589
4.108
4.057
3.655
3.113
3.211
2.933
3.018
2.842
2.31
2.3
2.408
2.728
2.743
2.577
2.367
2.507
3.533
3.715
4.887
4.499
5.097
7.18
5.654
5.909
5.776
5.947
5.752
6.269
5.813
5.979
5.815
7.12
6.653
5.558
6.279
6.889
6.622
7.24
7.24
5.384
4.863
5.146
4.685
4.94
4.831
4.619
4.285
4.101
4.755
4.383
4.381
4.091
3.987
3.309
3.074
3.249
2.772
2.487
2.384
2.1
2.072
2.116
2.14
1.762
1.708
1.946
2.336
2.542
2.394
2.482
2.849
3.15
3.02
3.463
3.244
3.183
3.202
3.144
3.068
2.683
2.826
2.991
2.717
2.839
3.392
3.129
3.389
2.684
2.618
2.394
2.491
2.595
2.61
2.667
2.119
2.412
2.868
2.662
2.185
2.074
2.266
2.296
2.34
2.29
2.304
2.172
2.376
2.449
2.229
2.298
2.485
2.414
2.453
2.455
2.294
2.21
2.081
2.759
2.384
2.202
2.481
2.584
2.71
3.009
2.926
2.679
2.648
2.083
1.428
1.277
1.012
1.182
1.043
.807
.676
.395
.404
.438
.387
.277
.267
.825
1.397
1.287
1.507
1.266
1.632
1.332
1.526
1.649
1.669
1.888
1.791
2.011
1.925
2.196
1.945
2.384
2.788
3.402
3.453
3.508
3.524
3.626
3.384
4.124
4.458
3.484
4.067
4.106
3.685
3.781
3.879
3.717
4.211
2.968
4.087
3.807
3.798
3.733
3.356
3.685
4.013
3.34
4.473
3.568
4.501
5.226
4.647
4.779
4.968
5.424
5.328
4.806
5.115
5.523
4.418
6.471
6.077
6.719
6.048
5.24
6.082
5.052
4.982
5.921
5.2
6.228
5.422
5.736
5.475
5.115
5.847
5.585
6.535
6.072
6.104
6.352
5.071
5.382
5.096
4.933
5.867
5.863
3.71
4.699
4.692
5.837
4.365
4.512
5.313
5.548
4.659
4.249
5.712
5.55
6.355
3.799
5.927
5.398
4.853
5.538
5.805
6.044
5.433
4.724
5.185
5.632
4.256
5.677
4.99
4.704
4.47
5.244
3.592
3.704
5.628
6.014
4.639
5.75
6.425
4.833
5.787
4.91
4.632
4.982
5.832
4.984
6.737
5.159
6.155
5.858
4.509
4.604
4.559
6.427
6.273
5.573
4.904
5.866
5.114
5.753
5.173
4.965
5.163
4.31
4.568
4.229
3.911
3.391
3.236
3.118
3.083
3.317
2.528
2.401
2.448
2.293
2.082
2.229
2.104
2.362
2.45
2.21
2.344
2.278
2.273
2.496
2.775
2.691
2.967
2.825
2.425
3.04
3.312
3.205
2.761
2.688
2.629
2.864
3.34
3.345
2.644
3.437
3.147
2.9
2.918
3.149
2.996
2.804
3
2.713
2.657
2.675
3.018
3.086
2.722
2.448
2.429
3.127
3.537
3.398
2.904
3.018
3.026
3.024
3.221
2.956
3.007
3.182
3.176
3.368
3.722
3.406
3.672
3.757
3.68
3.883
3.731
3.608
3.905
3.721
4.064
3.941
4.16
4.251
4.336
4.671
4.286
4.021
3.996
4.251
4.256
4.267
4.212
3.964
4.316
4.138
4.098
4.432
4.316
4.07
4.122
4.034
3.843
3.65
3.358
3.238
3.557
3.013
2.615
2.557
2.251
1.831
1.678
1.985
2.182
2.6
2.633
2.559
2.51
2.836
2.988
2.962
3.304
3.478
3.651
3.734
3.787
3.876
3.489
3.354
3.186
3.331
3.513
3.585
4.133
3.738
3.545
3.324
3.074
2.557
2.025
1.718
1.748
1.906
1.935
1.697
1.568
1.549
1.697
1.364
1.436
1.382
1.473
2.084
2.388
2.744
2.524
2.45
2.981
1.86
2.937
2.999
3.515
3.538
4.095
4.279
4.002
5.115
5.007
4.611
4.492
4.906
4.622
6.133
6.101
5.641
5.541
4.955
4.849
5.254
5.239
5.198
4.797
5.199
4.95
4.755
4.581
5.044
4.613
4.964
3.63
4.503
4.856
4.342
3.775
4.712
4.591
4.196
5.174
4.39
5.849
4.63
4.754
5.019
3.8
4.984
5.104
5.639
5.223
5.879
6.488
4.769
5.221
6.122
6.304
6.223
5.852
6.228
4.562
6.146
5.909
4.902
5.268
4.017
5.065
5.153
4.469
5.194
5.655
5.343
4.878
3.457
5.369
5.131
4.426
6.144
5.473
4.754
5.785
4.79
5.657
5.737
5.33
6.052
5.545
4.195
5.087
5.29
5.212
6.814
4.248
4.93
4.863
3.679
5.936
3.963
5.686
4.044
5.045
4.521
4.693
6.573
4.875
5.474
5.64
7.58
6.138
5.221
4.555
5.082
5.714
5.66
5.276
5.445
5.476
6.357
4.495
5.315
5.224
5.095
5.284
5.237
5.198
5.895
4.395
6.129
6.104
5.235
5.299
5.026
3.96
4.942
5.885
5.581
4.965
4.543
4.389
4.371
4.286
4.106
4.45
3.232
3.387
3.277
3.294
3.01
3.192
3.154
2.814
2.872
2.858
2.717
2.691
2.944
2.963
2.937
2.897
3.01
3.106
3.601
4.009
4.476
4.422
4.467
3.995
4.14
4.655
4.539
4.015
3.959
4.077
3.743
3.493
3.682
4.052
4.168
3.52
3.746
4.325
4.467
4.61
3.797
3.829
4.069
3.866
4.056
3.515
3.788
3.918
4.484
4.562
5.08
4.933
5.221
4.796
5.194
4.28
3.725
3.702
3.874
4.458
4.174
4.394
4.201
4.718
4.673
4.92
4.879
4.472
4.271
4.182
5.055
4.475
4.164
3.755
4.25
3.812
3.742
3.388
3.253
3.307
2.962
2.87
3.005
2.927
2.777
2.96
2.761
2.477
2.464
2.371
2.165
1.998
1.861
1.922
2.265
2.691
2.73
2.885
2.872
2.996
3.083
3.163
3.423
3.669
4.094
4.177
4.231
4.364
4.136
4.33
4.203
3.722
3.572
3.223
3.139
2.802
2.653
2.883
2.337
2.077
2.016
2.334
2.641
2.977
2.796
2.363
2.19
2.371
2.09
2.273
2.25
2.805
3.023
3.072
3.076
3.612
3.572
4.089
3.827
4.76
6.124
5.524
6.611
7.26
7.06
6.685
6.15
6.971
6.211
7.81
6.39
6.231
6.478
6.062
6.692
7.03
6.162
6.445
6.502
6.112
6.18
6.66
5.908
6.937
6.84
5.678
6.527
5.984
5.78
6.151
5.963
5.798
6.398
5.886
5.885
5.972
5.799
5.189
5.047
5.065
5.532
3.706
5.348
3.407
3.909
5.286
5.537
4.732
4.484
4.198
4.286
4.516
5.127
4.973
4.192
4.486
5.188
4.742
3.158
3.775
4.74
3.938
4.998
2.967
4.657
4.369
3.605
4.13
4.565
4.075
3.532
3.919
5.636
4.582
3.511
4.173
4.012
3.168
3.581
4.802
4.957
2.947
4.097
4.772
4.612
4.376
3.756
3.376
4.678
3.572
3.753
5.11
5.365
3.954
4.757
3.229
3.482
4.352
4.44
3.757
3.936
4.635
5.358
3.807
4.498
5.039
3.944
4.866
5.76
5.922
6.843
5.876
6.716
6.136
6.795
4.956
5.359
6.283
5.539
6.94
6.132
6.172
5.106
6.293
6.376
5.861
6.307
5.679
6.088
6.117
5.593
4.874
5.475
5.648
5.613
5.633
5.369
5.548
5.431
4.608
4.142
4.395
4.713
3.93
4.18
4.206
4.166
3.898
4.178
3.724
3.691
3.872
3.656
3.873
3.824
7.71
8.35
6.845
8.33
6.984
6.013
5.639
4.873
4.511
4.869
4.924
4.914
4.069
3.899
3.203
3.733
4.312
3.37
3.949
4.072
4.148
4.546
4.323
4.573
4.43
4.264
3.758
3.501
2.849
2.62
2.554
2.933
2.829
2.783
2.458
2.305
2.437
2.669
2.543
2.464
2.364
