2.349
2.338
2.232
2.183
2.065
2.131
2.328
2.606
2.016
1.752
1.86
1.893
2.007
2.044
2.128
1.982
2.029
2.185
2.378
2.539
2.739
2.893
2.843
2.907
3.098
2.964
2.561
2.667
2.533
2.714
2.706
2.667
2.566
2.432
2.849
3.086
3.154
3.259
2.953
3.005
3.069
2.839
2.78
2.768
2.293
1.787
1.445
1.353
1.486
1.925
2.29
2.146
1.931
1.462
1.315
1.433
1.594
1.852
1.815
1.423
1.282
1.118
1.009
1.093
.932
1.325
1.401
1.404
1.368
.928
.953
.91
.898
1.295
1.595
1.882
2.324
2.475
2.878
3.094
3.616
3.702
3.584
3.009
2.45
2.163
2.292
1.888
1.967
2.39
2.462
2.993
3.041
2.647
2.367
2.491
2.74
3.305
2.709
3.144
2.816
2.717
3.117
3.079
2.855
3.281
3.217
3.554
3.758
3.301
3.452
3.74
3.839
4.183
4.375
4.096
4.828
4.745
5.334
5.077
4.699
4.624
4.772
5.2
5.538
4.763
4.646
4.713
4.647
4.214
3.948
4.846
4.011
4.06
4.123
3.93
4.437
3.867
4.159
3.423
3.157
2.425
3.069
2.805
3.071
2.734
3.037
3.121
3.171
3.523
3.121
4.509
3.366
3.125
3.808
2.967
2.109
2.555
3.667
3
3.334
2.82
2.719
2.257
2.619
3.243
3.409
2.809
3.088
3.723
3.436
4.21
3.023
3.49
4.288
3.87
3.806
3.754
3.959
3.703
3.234
2.96
3.746
4.398
3.954
4.123
4.105
4.331
2.703
3.093
2.914
3.54
3.419
3.923
3.241
1.994
4.548
3.481
3.355
4.021
3.374
3.159
3.257
3.812
3.23
3.162
3.557
3.847
3.536
3.127
3.3
3.76
3.614
3.258
3.478
2.726
2.543
2.588
2.748
2.583
2.327
2.083
2.201
2.455
2.742
2.955
3.222
3.429
3.81
3.653
3.212
2.584
2.814
3.057
3.118
3.309
3.12
3.154
3.159
3.235
3.32
3.544
3.582
3.638
3.635
3.428
3.528
3.653
3.428
3.502
3.315
3.403
3.364
3.587
3.713
3.83
3.88
3.769
3.548
3.417
3.726
3.715
3.974
4.353
4.01
4.103
4.28
3.871
3.463
3.466
3.277
3.089
3.142
3.07
3.107
3.095
3.1
3.424
3.519
4.083
4.113
4.201
3.884
3.655
3.467
3.492
3.364
3.336
3.755
3.785
3.809
3.128
3.433
3.786
3.593
3.661
3.3
3.221
3.437
3.805
3.768
4.028
3.51
3.293
3.441
3.337
3.479
3.472
3.586
3.624
3.791
3.398
3.209
3.337
3.237
3.251
2.938
2.88
2.891
3.093
3.264
2.92
3.014
2.927
3.192
3.105
3.423
2.99
2.969
2.911
2.484
2.282
1.715
1.515
1.715
1.977
2.193
2.031
2.023
2.117
2.094
1.977
1.982
2.028
1.67
1.822
2.079
2.141
1.707
1.975
2.069
2.047
2.242
2.108
1.718
1.571
1.632
1.409
1.121
1.096
1.226
1.032
.949
1.139
1.18
.895
.522
1.021
1.384
1.884
1.277
.893
1.03
.809
.724
.875
.61
.857
.98
1.409
1.519
1.633
1.411
1.529
2.158
1.523
2.245
2.4
2.799
2.366
2.298
2.605
2.686
2.508
2.65
2.507
2.273
2.109
2.327
1.625
2.235
1.815
2.263
1.965
2.352
2.198
1.618
2.354
1.534
1.72
2.094
1.8
1.62
1.178
2.161
1.827
2.432
2.135
2.572
2.608
2.404
2.113
2.492
2.352
2.51
2.331
2.678
2.21
2.524
2.011
1.687
2.253
2.866
2.074
2.168
2.807
3.011
3.081
2.8
2.816
2.498
2.686
2.621
3.402
1.973
2.795
2.875
1.859
1.689
2.437
2.096
3.528
2.21
2.734
4.077
2.805
2.589
3.5
2.836
2.571
3.118
2.794
3.525
3.081
3.024
3.547
1.369
2.322
2.95
2.899
2.925
2.767
3.292
2.408
2.613
2.923
3.201
4.153
3.728
2.021
2.978
3.147
2.441
3.422
3.832
3.206
3.023
3.743
4.128
3.762
4.095
4.256
3.685
4.013
3.991
4.409
4.197
4.22
3.989
3.573
3.155
3.259
3.195
3.201
3.094
3.148
3.048
2.981
2.919
2.851
2.89
2.984
3.003
2.995
2.86
2.963
2.999
2.91
2.912
3.018
3.045
3.204
3.058
3.307
3.461
3.426
3.463
3.579
4
4.049
4.626
5.039
4.556
4.141
4.071
3.714
3.558
3.005
3.205
3.265
2.768
2.711
2.933
3.508
3.289
3.148
3.272
3.217
3.136
3.217
3.081
2.982
3.098
3.379
3.277
3.301
3.582
3.352
3.415
2.975
3.319
3.214
3.105
2.932
2.99
2.96
3.338
3.859
3.68
3.392
3.337
3.412
3.395
3.376
3.373
3.755
3.631
3.783
3.726
4.057
3.736
3.99
4.203
3.867
3.685
3.661
3.597
3.619
3.538
3.221
2.903
2.88
2.97
2.885
2.807
2.899
2.619
2.304
2.037
2.131
2.402
2.684
2.982
2.864
2.966
2.837
2.757
2.616
2.837
2.859
2.89
2.88
2.688
2.821
2.82
2.726
2.683
2.721
2.883
2.909
2.53
2.832
3.012
3.178
2.971
2.915
2.715
2.989
2.723
2.951
3.167
3.319
3.517
3.633
3.389
3.176
3.179
3.23
3.17
2.92
3.017
3.345
2.925
2.729
3.008
3.154
3.29
3.221
3.186
3.37
3.409
3.454
3.465
3.08
3.018
3.171
3.409
3.075
3.257
3.194
3.157
2.75
2.557
2.353
2.925
2.981
3.542
3.886
4.072
4.334
4.269
4.818
4.597
5.198
4.545
5.207
5.727
6.09
5.352
4.187
4.704
5.586
5.516
5.759
5.814
5.592
5.677
5.373
4.859
5.526
4.656
4.813
5.264
5.474
4.481
4.799
4.64
4.672
4.272
4.997
4.786
5.38
5.093
5.779
5.643
5.435
6.176
5.26
6.116
6.012
4.794
5.994
5.187
5.428
5.159
5.828
4.822
4.233
5.074
5.013
4.104
4.463
4.771
4.412
4.586
5.614
4.558
4.098
4.427
4.479
5.174
4.862
4.626
5.212
4.366
4.267
5.253
5.491
5.28
3.46
3.987
4.413
4.542
4.598
4.761
4.895
4.837
4.963
5.113
5.142
5.374
3.954
3.704
4.858
5.232
4.878
6.092
5.386
5.656
5.25
4.5
6.188
6.05
5.667
5.612
5.979
5.839
4.676
4.614
5.563
5.806
5.134
5.77
5.335
5.708
6.894
4.703
4.492
3.767
5.419
5.646
5.692
5.895
6.331
6.684
5.31
4.477
5.097
5.084
5.346
3.961
3.933
3.683
3.723
3.711
3.256
3.302
3.614
3.595
3.5
3.899
4.239
4.11
4.199
4.575
5.164
4.947
5.535
5.651
5.149
5.521
6.322
5.677
5.493
4.99
5.119
5.208
4.745
4.811
5.301
5.685
5.714
5.781
6.289
6.496
6.666
6.952
7.09
7.31
6.818
6.513
6.988
7.95
7.01
7.71
8.07
7.22
6.571
6.044
6.126
7.13
6.078
6.394
5.213
5.7
6.306
6.209
7.33
6.503
7.73
8.12
7.52
7.76
6.437
6.632
6.855
8.36
8.37
8.44
8.3
7.74
7.3
7.71
8.39
8.02
7.21
7.37
7.12
7.27
7.35
7.79
8.11
7.8
7.32
7.11
7.33
7.46
7.57
7.94
6.996
6.174
7.21
8.1
7.96
7.93
7.04
6.188
6.649
7.22
6.902
6.543
5.454
5.285
5.315
5.207
5.092
5.369
4.818
4.529
4.841
4.537
4.936
4.784
4.207
4.453
4.578
4.574
4.887
5.561
5.186
4.91
5.114
4.727
4.526
4.58
5.258
5.694
5.002
5.1
4.845
5.279
4.532
4.818
4.554
4.825
4.838
4.691
4.664
4.465
4.821
4.46
4.415
4.584
6.003
6.047
5.845
4.436
4.523
4.458
4.332
4.362
4.071
3.927
4.266
4.157
4.445
4.649
4.852
4.915
4.886
5.354
5.521
4.939
5.104
4.98
4.849
4.82
5.187
5.337
4.92
5.135
5.362
5.103
5.235
5.128
5.345
5.221
5.469
5.063
5.857
4.73
5.585
5.684
4.994
5.106
6.016
5.985
5.974
6.653
6.517
5.965
6.524
5.414
6.703
5.619
6.471
5.782
5.61
5.379
5.811
6.473
6.409
6.403
5.72
6.521
6.041
7.92
7.8
7.19
7.99
8.39
7.15
7.48
7.29
6.81
7.11
7.58
7.12
7.25
7.79
7.56
7.01
6.27
6.346
5.306
7.35
5.176
6.787
5.859
6.117
6.973
6.534
6.841
6.955
6.576
7.73
7.26
5.677
6.529
6.934
8.2
6.178
5.978
6.605
5.904
5.549
5.698
7.14
7.26
6.61
6.405
6.658
5.372
7.08
6.102
7.77
5.362
6.969
6.572
5.103
6.046
7.31
6.117
5.874
5.882
6.024
6.29
6.701
5.858
5.564
7.93
6.505
6.917
7.2
6.722
5.917
6.394
6.917
6.819
7.35
6.444
6.926
5.31
5.664
5.058
6.174
5.121
5.508
5.021
4.556
4.558
4.244
4.104
4.545
4.314
3.82
4.171
4.395
4.202
3.993
3.654
3.456
3.402
3.571
3.537
3.513
3.357
3.594
3.413
3.506
3.763
3.748
3.79
3.813
3.831
3.622
3.495
3.814
3.582
3.839
3.436
3.557
3.569
3.346
2.703
2.538
2.835
3.08
3.605
3.746
3.84
3.688
4.126
4.934
4.508
4.578
4.361
3.636
3.156
3.036
3.373
3.694
3.826
3.926
4.086
4.329
4.472
4.413
4.123
3.921
3.631
3.649
3.828
4.474
4.83
4.726
4.402
4.426
4.216
4.043
4.162
3.939
3.911
3.924
3.792
3.852
4.12
3.741
3.557
3.79
3.632
3.157
2.986
3.279
2.597
2.729
3.736
4.065
4.271
3.536
3.299
3.23
3.597
3.193
3.256
3.473
3.629
3.673
3.488
3.512
3.317
3.065
3.028
3.562
3.495
3.297
3.403
3.282
3.23
3.268
3.149
3.191
3.228
3.232
3.08
2.954
3.027
3.222
3.519
3.291
2.75
2.88
2.811
2.659
2.628
3.193
3.21
3.35
2.903
2.79
3.148
3.089
3.158
3.006
3.346
3.104
2.898
2.813
2.699
2.592
3.069
3.356
3.215
3.111
2.914
3.23
3.418
3.026
2.812
2.736
2.749
2.899
3.02
2.763
2.84
2.907
2.904
3.019
3.461
3.124
3.094
3.583
3.048
2.973
2.95
2.885
3.049
3.368
3.343
3.215
3.801
3.527
3.326
3.134
3.46
3.565
3.276
3.226
3.769
3.838
3.677
3.88
3.311
3.093
3.675
4.196
3.781
3.646
3.811
4.054
3.588
3.655
3.523
3.412
3.858
3.574
3.695
3.321
3.565
2.612
3.52
3.542
2.944
2.92
4.01
3.278
3.348
3.731
3.543
3.982
3.847
4.04
3.301
4.067
4.004
4.096
3.231
3.168
3.652
4.332
2.576
4.684
4.482
3.002
3.884
4.344
3.878
2.91
2.868
4.898
4.492
2.708
4.16
3.233
4.08
4.628
3.386
4.446
3.332
4.472
4.647
4.13
4.529
3.519
2.707
3.9
3.588
3.746
5.088
3.781
4.195
4.849
3.447
3.801
2.886
4.71
4.254
4.477
5.781
4.307
4.09
3.364
4.979
3.609
3.98
4.298
2.633
3.875
4.598
5.109
3.492
5.524
5.62
5.188
4.333
3.929
4.38
3.952
4.191
3.682
3.882
3.891
4.138
4.684
3.769
3.9
3.31
3.02
2.855
2.783
2.657
2.578
2.48
2.347
2.55
2.465
2.127
1.72
1.816
1.887
1.823
2.957
2.877
2.68
2.497
2.728
2.684
3.058
3.275
3.438
3.491
3.431
3.246
3.014
2.966
2.984
3.083
3.157
3.22
3.263
3.067
2.786
2.62
2.782
2.751
2.855
2.873
2.99
2.999
3.004
3.034
3.088
2.813
2.924
2.584
2.731
2.947
2.757
2.843
3.463
3.611
3.814
4.202
4.489
4.594
4.463
4.709
4.632
4.803
4.681
4.871
4.243
4.506
4.709
4.964
4.812
4.568
4.347
4.159
3.984
4.199
3.948
3.506
3.936
4.045
3.961
3.627
3.437
3.367
3.228
3.409
3.326
2.889
2.766
2.798
2.804
2.628
2.514
2.576
2.701
2.744
2.744
2.658
2.491
2.396
2.548
2.598
2.401
2.64
2.552
2.584
2.454
2.542
2.56
2.36
2.281
2.067
2.032
2.121
2.322
2.329
2.065
1.802
1.524
1.496
1.593
1.803
2.138
2.408
2.47
2.236
2.139
2.279
2.399
2.324
2.442
2.288
2.335
2.319
2.367
2.53
2.899
3.047
3.325
3.682
3.574
3.532
3.486
3.337
3.496
3.31
3.252
3.003
2.903
3.224
3.138
2.88
3.124
2.722
3.193
3
2.989
2.911
2.965
2.841
2.938
2.808
3.023
2.925
3.034
3.117
3.319
3.293
3.474
3.523
4.114
3.393
3.995
4.711
4.206
4.859
5.538
6.596
6.841
6.793
6.336
6.638
6.512
6.936
7.08
6.676
6.443
6.967
7.68
6.509
6.59
7.24
7.45
6.892
6.368
5.971
6.042
6.132
5.161
5.016
5.162
5.345
5.089
4.394
5.071
4.659
4.388
4.448
4.455
3.819
4.371
3.902
4.018
3.761
3.758
4.134
3.483
3.705
3.45
3.597
2.963
4.101
4.483
3.167
4.411
4.449
2.978
4.053
3.218
4.066
4.532
3.464
3.729
3.521
3.293
4.245
3.5
4.498
3.191
4.159
4.784
2.948
5.312
5.897
3.011
2.925
4.87
3.604
4.18
3.264
3.263
3.075
4.306
2.801
3.755
3.504
4.596
4.118
3.775
2.506
3.904
3.275
3.8
5.306
5.032
4.463
4.85
4.394
4.273
4.71
4.368
4.18
4.896
4.049
3.407
4.461
3.633
4.367
2.708
4.038
3.87
3.711
2.733
3.922
3.342
2.991
2.969
3.131
3.076
2.85
2.563
2.271
2.759
2.575
2.529
2.373
2.193
2.564
2.533
2.913
2.674
2.609
2.85
2.617
2.216
2.248
2.393
2.587
2.603
2.335
2.177
2.432
1.927
1.586
1.65
1.866
1.806
4.428
3.632
3.735
3.74
3.787
3.25
4.031
3.927
3.793
3.533
3.283
2.994
2.962
2.639
2.261
2.222
2.154
2.226
2.33
2.737
2.834
3.009
3.086
3.096
3.054
2.971
2.877
2.699
2.566
2.775
3.151
3.24
3.159
3.249
3.201
2.909
2.97
2.825
2.713
2.555
2.794
2.659
2.536
3.226
3.165
2.842
3.009
2.954
2.945
2.986
2.774
2.497
2.714
2.86
2.549
2.044
1.222
1.236
2.512
1.843
1.01
2.021
2.273
2.499
2.332
1.739
1.305
2.146
8.26
8.9
9.41
9.25
9
8.25
9.12
9.36
8.56
9.96
9.09
8.18
9.16
8.54
8.62
9.91
9.44
8.98
8.76
8.73
8.23
8.66
8.02
8.24
9.13
9.25
8.64
9.25
9.38
9.78
8.19
8.06
9.04
9.67
8.82
8.31
7.69
8.56
9.63
9.27
7.97
9.97
10.44
9.7
9.07
8.93
8.03
9.38
8.42
8.85
8.9
10.23
8.88
8.67
9.46
9.78
7.79
8.63
9.05
9.29
8.43
9.03
8.79
7.76
7.91
8.4
9.23
8.96
9.18
7.75
7.43
8.66
8.73
8.64
6.778
6.847
7.39
7.08
7.71
7.26
7.72
7.72
7.66
7.36
7.62
7.35
8.2
8.31
7.71
7.04
7.68
7.46
8.65
8.43
8.22
9.23
7.95
7.87
7.55
6.401
7.07
7.73
7.45
6.797
7.75
7.37
7.68
6.424
7.05
7.16
6.6
7.27
5.627
5.653
6.209
6.027
5.348
5.422
4.585
4.363
3.993
3.35
3.381
3.342
3.535
3.184
2.887
3.087
3.747
4.032
4.244
3.486
4.055
3.826
3.022
3.35
3.737
3.77
2.956
3.646
3.401
3.659
3.905
3.897
3.915
3.601
4.151
4.355
4.202
3.603
3.744
4.102
3.55
3.471
3.121
3.315
3.404
3.37
3.297
3.587
3.352
4.028
3.927
3.548
3.089
3.125
3.345
3.426
3.151
2.994
2.717
3.425
3.089
3.141
2.625
2.208
2.612
2.839
2.454
2.613
2.372
2.814
3.711
2.972
2.946
2.01
1.856
2.947
1.772
2.659
3.492
2.486
2.237
2.276
3.247
2.339
1.854
2.045
2.332
2.756
2.809
2.475
2.458
2.114
2.398
2.495
2.576
2.664
2.725
2.834
2.677
2.681
2.572
2.475
2.296
2.1
2.15
1.866
1.822
1.735
1.849
1.528
1.644
1.99
2.187
1.773
2
2.578
2.688
2.697
2.903
2.848
2.577
2.488
2.449
2.582
2.168
2.571
2.528
2.258
1.815
1.377
1.757
2.121
2.276
2.073
2.084
1.94
1.851
2.208
2.343
2.26
2.109
1.956
1.576
1.774
1.956
1.995
2.651
2.91
2.46
2.715
2.94
2.831
2.791
2.927
2.774
2.723
2.285
2.44
2.254
2.493
2.125
2.575
2.083
2.272
2.696
2.491
2.509
2.302
2.456
2.694
2.67
2.457
3.163
2.812
3.263
3.536
4.026
3.683
2.852
3.629
2.992
2.567
2.904
2.724
3.112
2.273
2.311
2.552
2.117
2.188
2.813
3.104
2.999
2.388
2.322
2.384
2.236
2.169
2.004
1.584
1.785
2.03
1.846
1.948
1.987
1.763
1.525
1.587
1.615
1.409
1.377
1.773
1.745
1.682
2.498
2.627
2.487
2.559
2.684
2.572
2.276
2.534
3.153
2.973
2.781
3.094
3.174
2.852
2.412
2.623
2.413
2.799
2.787
2.842
2.846
2.491
2.787
2.691
2.8
2.841
2.875
3.384
3.353
3.14
3.222
3.083
2.873
2.932
3.085
2.862
3.158
3.735
3.388
3.373
3.073
3.229
2.634
2.965
2.764
2.749
2.92
3.109
2.787
2.87
3.337
3.246
3.254
2.911
2.79
3.471
2.465
2.329
2.457
2.399
1.887
2.545
2.759
2.988
3.096
2.978
2.909
2.848
3.298
3.182
2.856
2.993
2.781
2.044
2.773
2.969
2.195
2.683
2.921
3.826
3.216
3.432
2.238
2.563
3.387
2.988
2.869
2.501
2.336
3.331
2.671
2.548
3.385
2.035
2.975
2.423
2.122
1.786
2.352
1.81
1.116
1.348
.994
1.648
1.927
.769
.664
.435
.327
1.239
.882
1.012
1.369
1.184
2.78
2.612
1.334
2.993
3.853
5.451
5.213
4.679
3.665
3.073
2.529
1.081
1.465
2.183
2.842
2.916
2.59
3.928
3.8
4.545
5.676
7.72
8.23
5.651
4.326
4.88
4.383
4.819
4.353
4.312
3.793
3.365
2.043
1.906
2.267
3.317
3.358
4.698
3.757
3.953
3.505
3.594
2.969
2.775
2.486
2.695
2.234
1.686
1.944
2.128
2.276
2.236
2.395
2.367
2.462
2.365
1.865
1.39
1.337
1.413
1.294
.793
.795
1.152
1.75
1.678
1.121
1.441
1.361
1.516
1.648
1.122
.408
.388
.384
0
.014
.181
.084
0
0
.08
.728
.884
.408
.263
.811
.771
.695
.547
.517
.637
.281
0
.259
.45
0
0
0
.409
.381
.175
.269
.108
.984
1.151
.905
.85
1.262
1.083
1.177
.77
.793
.969
1.36
1.263
1.185
1.47
1.413
1.369
1.371
1.306
1.053
1.474
1.548
1.565
1.524
1.362
1.472
1.504
1.542
1.709
1.631
1.6
1.593
1.226
1.15
1.389
1.297
1.188
1.651
1.373
1.249
1.463
1.872
1.674
1.486
1.812
1.655
1.1
1.121
1.33
1.726
1.875
2.045
1.741
1.797
1.739
1.755
1.859
2.05
2.263
2.481
2.348
1.89
2.055
2.401
2.128
1.849
1.889
2.463
2.104
2.214
2.537
2.169
2.143
2.337
2.105
2.373
2.195
2.377
2.265
2.172
1.969
1.976
1.793
1.887
1.826
1.74
1.947
2.084
1.764
2.233
2.06
1.849
1.949
2.124
1.921
1.704
1.638
1.645
1.567
2.191
1.928
2.324
2.501
2.447
2.366
2.478
2.651
2.499
2.424
1.877
1.9
2.313
2.794
2.279
2.215
2.262
2.825
2.965
2.254
2.712
2.984
3.091
3.095
3.228
3.246
3.03
3.233
3.276
3.429
2.85
3.298
3.368
3.438
4.108
3.553
3.189
3.48
3.018
3.004
2.788
2.991
2.922
3.05
3.046
3.265
2.739
3.025
2.776
2.42
2.514
2.837
2.855
3.06
3.286
3.325
2.899
2.938
2.435
2.596
3.698
3.079
3.837
3.037
2.987
2.516
2.443
2.124
2.443
2.984
3.752
3.807
4.466
2.889
4.502
4.393
4.005
2.96
2.576
4.088
5.763
5.19
5.104
4.54
5.608
5.357
5.564
5.15
4.368
4.989
4.578
4.184
5.245
4.811
4.562
4.852
4.485
4.291
5.208
3.031
4.48
4.215
4.46
4.07
3.829
3.275
4.187
2.914
3.529
5.486
5.228
5.178
3.893
5.069
4.417
5.613
5.161
4.242
4.054
3.679
2.883
2.569
2.247
2.791
2.76
2.46
2.438
2.663
2.48
2.375
2.452
2.546
2.666
2.551
2.543
2.66
2.531
2.759
2.787
2.821
2.826
2.877
2.684
2.662
2.641
2.445
2.362
2.572
2.952
3.117
2.943
2.587
2.521
2.492
2.61
2.532
2.188
1.842
1.864
1.99
2.077
2.188
2.418
2.643
2.955
3.269
3.395
3.523
3.401
3.499
3.427
3.094
2.704
2.77
2.994
3.101
2.969
2.818
2.757
2.985
3.29
3.118
3.191
3.346
3.276
2.866
2.851
3.081
3.251
3.208
3.286
3.249
3.51
4.061
3.407
2.8
2.806
2.621
2.446
2.579
2.54
2.399
2.09
2
1.794
1.854
2.093
2.476
2.688
2.087
2.011
1.798
1.733
2.107
2.38
2.384
2.303
2.135
2.247
2.514
2.565
2.587
2.524
2.466
2.205
1.798
1.879
1.879
1.779
.816
.536
.779
1.145
1.202
1.49
1.854
2.148
2.6
2.506
2.315
1.745
1.55
1.54
1.937
2.124
2.721
3.294
3.317
2.937
2.337
2.327
1.94
1.421
1.174
1.402
1.604
1.238
1.413
1.361
1.368
1.478
1.965
1.664
1.684
2.178
2.529
2.71
2.854
2.744
2.674
2.121
2.261
2.386
2.243
2.018
2.171
2.317
2.391
2.354
2.391
2.376
2.547
2.649
2.639
3.023
3.18
3.248
2.67
2.507
2.915
3.468
3.536
4.067
4.004
3.687
3.327
3.586
3.432
3.099
3.602
3.934
3.49
3.775
4.583
4.77
5.26
4.323
4.828
4.924
4.967
4.916
4.697
4.759
4.431
4.727
4.649
4.389
4.088
4.467
4.338
4.549
4.711
4.462
4.993
4.425
4.08
3.862
3.28
3.452
3.359
2.801
2.979
3.362
3.636
3.281
3.209
2.4
3.478
3.724
2.143
2.918
3.132
2.71
2.532
2.915
3.555
2.726
2.195
2.784
3.39
2.676
2.364
3.239
3.031
3.644
3.555
3.137
3.226
2.453
2.258
3.806
3.264
2.604
2.849
3.108
2.992
1.798
2.532
1.856
3.635
2.597
2.46
2.161
.794
2.618
2.646
1.657
1.651
2.723
1.463
1.444
1.945
2.399
1.885
1.904
1.789
2.456
3.226
2.278
1.023
2.304
1.746
1.463
2.357
1.196
1.987
3.357
3.217
2.846
1.809
1.889
2.821
2.715
2.357
2.886
1.585
2.367
2.154
2.832
3.685
3.205
2.869
2.596
2.352
2.842
2.612
3.048
3.335
3.321
3.394
3.266
3.001
2.625
2.858
2.971
3.176
3.161
3.076
3.164
3.303
3.352
3.314
3.287
3.174
2.855
2.768
2.898
2.919
3.11
3.044
3.013
3.132
3.311
3.442
3.253
3.244
3.5
3.584
3.154
2.871
2.989
3.051
3.057
2.949
2.996
3.574
4.149
4.465
4.589
4.32
4.559
4.533
4.466
4.514
4.659
5.038
4.522
4.672
4.555
4.802
4.668
4.535
4.591
4.419
4.622
5.123
4.665
4.453
4.473
4.49
5.198
4.627
4.893
5.308
5.418
4.784
4.85
4.706
4.623
5.144
4.725
5.219
5.035
5.251
4.821
4.621
4.704
4.422
4.534
4.55
4.194
4.16
3.929
4.024
4.306
3.913
3.569
4.141
3.93
4.227
4.363
4.106
4.061
4.038
3.674
3.726
3.717
3.149
2.945
2.908
3.107
3.324
3.119
3.372
3.409
3.509
3.671
3.689
3.51
3.829
3.785
4.004
3.699
3.447
3.299
3.33
3.222
3.23
3.226
3.409
3.367
3.372
3.274
3.331
3.389
3.656
3.536
3.269
3.161
3.249
3.298
3.455
3.63
3.674
3.545
3.811
3.704
3.536
3.558
3.73
3.577
3.524
3.505
3.254
2.912
3.402
2.919
3.395
3.096
3.469
3.061
3.275
3.151
3.128
2.895
2.623
2.589
2.755
2.814
2.611
3.189
3.517
3.455
3.359
3.994
3.811
3.791
3.559
3.466
3.343
3.203
3.577
3.903
3.644
3.261
3.809
3.566
3.148
3.564
3.424
3.394
3.272
3.073
2.967
3.056
2.698
2.872
2.983
2.929
3.017
3.327
4.118
3.368
4.114
4.306
3.73
3.591
3.85
3.89
4.329
4.795
4.372
4.766
4.721
4.595
4.906
4.607
4.2
4.514
4.163
4.421
3.915
4.581
4.471
4.605
4.363
4.258
4.412
4.716
4.509
4.567
4.318
4.355
4.495
4.506
4.762
4.327
4.628
4.197
3.894
4.013
4.859
3.859
2.727
3.742
3.138
3.627
3.498
3.21
4.257
4.135
4.507
2.815
4.698
4.069
3.93
3.415
4.138
5.012
3.876
3.505
4.004
4.722
3.582
4.489
4.919
4.231
3.244
3.338
3.213
3.91
3.325
3.41
3.673
3.024
3.312
2.884
3.941
3.671
3.741
3.443
4.082
3.978
4.401
3.099
3.198
2.386
3.505
3.264
3.643
3.033
2.478
2.344
2.656
2.734
2.89
2.713
2.469
2.491
2.445
2.617
2.149
2.279
2.846
2.897
2.637
2.753
2.993
3.045
2.869
3.167
3.463
3.72
3.798
3.873
3.948
3.794
4.129
3.998
3.784
3.759
3.88
3.822
3.605
3.63
3.795
3.983
3.843
3.422
3.448
4.151
3.677
3.512
4.492
4.903
4.659
4.863
5.073
5.488
4.893
5.24
5.57
5.277
5.303
5.214
5.341
5.244
5.157
4.481
4.748
4.837
4.766
4.876
5.008
4.977
5.193
4.806
5.015
4.634
4.971
4.937
4.577
4.302
4.237
4.572
4.087
3.904
3.524
4.081
4.299
4.623
4.399
4.797
4.597
4.619
5.307
5.516
5.335
5.156
5.412
5.218
5.126
5.069
4.721
4.886
5.348
4.706
5.233
4.79
5.044
5.02
4.948
4.645
5.077
4.577
4.879
4.435
4.928
4.987
4.883
5.123
4.968
4.778
4.631
4.247
4.594
4.757
4.694
4.502
4.705
4.335
4.33
4.142
4.165
4.005
3.873
3.619
3.911
3.535
3.438
3.49
3.624
3.723
3.567
3.497
3.297
3.375
3.511
3.088
3.177
3.222
3.427
3.497
3.253
3.542
3.342
3.52
3.574
3.616
3.932
3.67
3.815
3.597
3.439
3.5
3.495
3.516
3.421
3.364
3.153
3.521
3.629
3.447
3.781
3.96
3.811
3.888
3.992
3.455
3.877
3.573
3.59
3.405
3.785
3.655
3.528
2.839
2.951
2.544
3.304
2.798
2.861
2.689
2.774
2.556
2.312
2.374
2.389
2.03
2.496
2.219
1.756
2.336
2.128
2.238
2.795
2.208
2.172
2.323
2.25
3.034
3.229
3.283
3.011
2.836
2.938
2.683
2.935
3.047
2.954
3.14
2.521
3.044
3.667
3.542
3.974
3.16
3.896
4.291
4.186
3.515
3.95
3.61
3.294
3.078
4.26
3.532
4.655
4.933
4.282
6.253
5.889
5.608
4.84
5.036
6.409
7.24
6.604
6.016
7.17
6.632
6.006
7.29
6.89
7.63
7.49
7.38
7.69
8.1
8.12
7.7
8.82
7.87
7.58
8.2
7.84
7.49
7.98
8.39
8.27
8.18
8.27
8.51
8.01
7.93
7.23
7.46
8.04
8
8
8.26
7.48
7.5
7.01
7.3
7.3
7.47
7.75
7.21
5.714
7.07
7.58
7.62
6.795
7.13
5.959
6.399
6.492
6.483
6.754
6.786
6.743
5.802
5.725
5.07
5.283
5.647
6.153
6.311
5.647
5.281
5.1
5.299
5.666
5.476
5.132
5.258
5.231
4.756
4.485
4.72
4.624
4.502
4.267
4.409
4.234
4.446
4.262
4.075
4.598
4.545
4.724
5.5
5.572
5.531
6.352
6.102
6.384
5.958
6.064
5.016
4.258
4.543
5.156
4.396
4.445
5.355
5.261
5.746
5.454
6.919
6.729
6.428
5.522
5.281
5.452
5.07
4.57
4.777
4.252
4.736
5.747
5.545
5.451
5.069
4.636
4.66
5.578
5.142
4.085
4.706
5.76
6.014
5.974
6.176
5.481
5.156
5.17
5.25
5.381
4.76
4.197
4.361
3.692
3.927
4.248
3.631
3.908
3.394
3.526
4.187
3.816
3.555
3.619
3.421
3.656
3.37
2.837
2.941
2.802
2.336
2.512
2.299
2.493
2.615
2.971
3.184
3.033
3.151
3.562
3.574
3.464
3.735
3.706
3.669
4.148
3.673
3.746
4.048
3.9
3.557
2.888
3.157
3.048
3.278
3.543
3.639
4.882
4.461
4.258
4.224
4.135
3.794
4.015
4.695
4.122
3.826
3.457
4.031
4.526
3.981
5.021
4.287
4.526
4.547
4.311
3.627
3.474
2.744
3.007
3.756
3.955
4.293
4.693
4.56
4.661
4.374
4.365
4.5
4.484
4.813
4.605
4.382
4.877
3.54
3.038
3.157
3.474
3.512
3.471
3.322
3.224
2.831
2.754
2.483
2.466
2.674
2.74
2.981
3.424
3.259
3.582
3.564
3.92
3.951
4.15
4.166
4.002
4.108
3.872
3.925
4.331
4.564
4.267
4.18
4.781
4.417
4.348
5.303
5.181
4.631
5.504
4.822
4.642
4.913
5.036
4.567
4.001
3.868
3.867
4.003
3.723
3.46
3.523
3.787
4.06
3.961
3.899
3.032
3.896
4.273
4.158
4.767
4.261
4.281
3.601
4.128
4.057
4.04
3.455
3.836
4.42
3.425
3.473
3.605
3.576
3.454
2.584
3.418
3.053
3.601
3.349
2.989
3.675
3.639
3.529
3.544
3.116
3.495
3.252
3.097
2.91
3.1
2.799
2.779
3.239
3.036
3.092
3.215
2.963
3.221
3.309
3.449
3.466
3.452
3.324
2.949
3.087
3.434
3.42
3.112
2.88
2.652
3.549
3.243
2.813
3.284
3.216
2.541
2.81
3.385
3.663
3.377
3.18
3.407
2.954
2.641
2.914
2.987
2.667
2.892
3.16
3.125
2.728
3.069
3.013
3.013
2.108
2.29
1.873
1.89
1.799
2.259
2.687
2.878
2.667
2.58
2.109
2.194
2.486
2.424
2.075
2.269
2.657
1.9
1.884
2.364
2.352
1.718
1.452
1.79
2.057
2.368
2.195
2.103
1.874
1.861
2.21
1.932
1.905
2.174
2.17
2.213
2.168
2.026
2.073
1.792
1.525
1.644
1.686
1.623
1.452
1.604
1.822
2.031
1.662
1.771
1.31
.452
.046
0
.032
.61
.063
.005
.338
.588
.365
.022
.004
0
0
.35
.574
.475
.815
.703
.752
.258
.279
.498
.468
.134
.05
.151
.709
.709
.615
.865
.787
.826
.691
.615
.745
1.208
1.117
1.207
1.386
1.118
1.305
1.478
1.538
1.62
2.113
2.645
1.952
2.249
2.58
2.241
2.349
1.526
2.155
1.996
2.654
2.89
3.282
3.157
2.709
2.569
2.815
1.848
2.091
2.738
2.327
2.495
2.435
2.143
1.79
1.936
1.638
1.788
1.748
1.834
1.835
1.789
1.743
1.53
1.577
1.89
2.348
1.707
1.501
1.589
1.751
1.127
1.223
.919
.587
.775
.967
.884
.91
1.02
1.03
.963
.858
.637
.913
.94
.886
1.455
1.448
1.327
1.859
1.425
1.71
2.083
1.852
2.139
2.024
2.045
2.495
2.037
2.337
2.325
2.532
2.834
2.497
2.728
2.292
2.404
2.437
2.237
2.229
2.136
2.186
2.227
2.296
2.573
1.963
1.876
1.977
2.477
2.273
2.189
2.413
2.396
2.493
2.138
2.598
2.72
2.399
2.252
2.804
3.189
2.91
2.841
2.817
3.28
3.399
3.592
3.031
3.939
3.564
3.647
4.431
4.556
4.509
4.277
3.819
4.643
3.75
3.927
4.466
3.678
3.6
3.534
3.59
3.665
3.827
4.45
3.491
4.131
4.009
3.926
3.526
3.251
3.651
3.628
3.201
3.958
4.39
4.069
4.369
4.112
4.465
3.744
3.591
3.39
3.532
3.911
3.684
4.215
4.2
3.943
3.85
3.676
3.411
3.962
4.184
3.94
4.165
3.683
2.547
3.662
3.853
3.398
3.525
4.383
3.642
3.662
3.87
3.871
3.324
3.9
4.067
3.755
4.021
4.195
3.979
3.85
3.295
3.548
3.423
3.454
2.73
2.514
2.527
2.383
2.269
2.431
2.658
2.573
2.41
2.476
2.271
2.267
2.38
2.29
2.474
2.646
2.924
2.899
2.941
2.939
2.759
2.72
2.789
3.088
3.028
2.991
3.144
3.32
3.151
2.933
3.081
3.292
3.154
2.997
3.083
3.114
3.188
3.836
4.395
3.678
3.899
4.028
4.227
3.541
3.379
3.393
3.572
3.736
3.995
3.96
3.847
3.766
4.194
4.563
4.261
4.325
4.609
4.577
4.383
4.091
3.876
3.884
3.814
3.59
3.405
3.643
3.672
3.373
3.028
3.286
3.016
3.297
3.597
3.426
3.183
3.262
3.348
3.351
3.372
3.775
3.687
3.917
3.741
3.648
3.583
3.968
3.88
3.954
4.405
4.631
4.623
4.768
4.867
4.864
4.622
4.837
4.665
5.021
5.122
5.207
5.464
5.685
5.625
5.539
5.792
5.446
5.758
5.37
6.213
5.658
5.579
5.208
5.809
5.341
5.701
5.569
5.859
5.779
5.903
5.111
5.797
6.206
5.978
6.098
5.652
5.86
5.928
5.187
5.706
5.811
5.571
5.456
5.738
5.389
5.658
5.265
5.274
4.447
5.156
4.476
5.197
4.88
4.701
4.636
4.598
4.372
3.834
4.102
3.937
3.723
3.437
3.702
3.507
3.318
2.967
3.175
3.17
3.298
3.534
3.643
3.327
3.214
3.785
3.739
3.765
3.704
3.602
3.959
3.81
3.751
3.694
4.78
4.212
4.452
4.359
4.776
4.691
4.92
5.481
5.186
5.318
5.382
4.776
5.533
5.407
5.27
4.821
5.169
5.027
4.956
5.137
4.954
5.178
4.917
4.746
4.926
5.227
4.639
5.157
4.33
4.927
4.797
4.916
4.254
4.061
4.522
4.505
4.794
4.932
4.613
4.646
5.047
5.383
4.912
4.844
5.207
4.672
4.282
4.696
4.526
4.91
5.051
4.879
4.155
4.517
4.895
4.43
5.42
3.854
5.202
4.998
4.926
4.591
5.104
4.693
5.633
4.914
5.118
3.049
4.668
4.732
3.839
5.221
4.104
4.396
3.556
4.993
4.208
4.707
3.799
3.974
4.363
3.145
3.462
3.581
4.166
3.572
4.257
4.512
4.044
4.664
4.916
3.424
3.571
3.213
4.039
3.772
3.65
3.473
3.549
3.584
4.532
3.456
3.12
4.171
3.161
3.116
2.494
3.144
3.02
2.203
2.551
2.837
2.958
2.153
2.211
2.264
2.173
2.803
2.942
2.645
2.718
2.816
2.758
2.888
3.31
3.096
2.958
3.132
3.436
3.454
3.489
3.517
3.408
3.295
3.113
3.017
3.171
3.486
3.197
2.85
2.816
2.803
2.875
2.903
3.087
3.408
3.307
3.073
2.903
3.085
4.301
3.863
4.327
4.628
4.807
4.95
4.904
4.75
4.614
4.481
4.346
4.274
4.581
4.599
4.663
4.254
4.269
4.113
4.483
4.369
4.402
4.43
4.371
4.137
4.287
4.534
4.26
4.234
4.296
4.357
4.328
4.278
4.251
4.151
4.136
4.149
3.685
4.156
3.961
4.352
4.03
4.207
4.326
4.044
4.257
4.005
4.178
3.889
4.042
4.043
4.124
4.028
3.839
4.09
4.182
4.203
3.912
4
4.227
4.373
4.382
4.206
4.184
4.154
4.425
3.926
4.164
3.93
4.191
4.23
3.929
3.809
4.04
4.123
4.234
4.285
4.37
4.082
3.702
3.58
3.544
3.616
3.776
3.659
3.798
3.318
3.254
3.462
3.152
3.423
3.316
3.314
3.218
3.063
3.033
2.883
2.922
2.955
2.886
3.168
2.89
2.902
2.918
2.899
2.679
2.812
2.798
2.628
2.61
2.964
3.162
3.074
2.673
2.981
2.978
3.082
2.961
3.143
3.344
3.134
3.192
3.211
3.269
3.498
3.564
3.316
3.564
3.099
3.282
3.405
3.784
4.071
4.12
3.91
3.709
3.937
3.693
3.243
3.419
3.516
3.75
3.954
3.754
3.912
3.352
3.782
3.75
3.974
3.39
4.085
3.76
4.315
3.668
3.182
3.092
4.029
3.966
4.365
3.819
4.571
4.583
4.612
4.774
4.504
4.048
5.325
4.302
4.277
4.731
3.843
4.017
3.805
4.152
4.116
3.781
3.551
4.382
3.805
3.765
3.795
3.214
3.953
3.43
3.303
3.378
3.407
2.956
3.198
2.914
2.634
2.247
2.284
2.357
2.609
2.044
3.054
1.88
2.233
2.358
2.042
2.255
2.407
2.9
1.675
1.01
1.811
2.598
1.404
3.242
2.297
3.078
2.185
2.192
2.798
3.502
4.352
3.666
3.067
3.141
3.095
2.754
3.851
4.567
4.242
4.435
4.898
4.753
3.993
4.026
5.005
5.08
4.484
4.604
4.94
5.119
4.293
3.698
3.872
4.394
4.568
4.785
3.79
4.463
4.173
3.869
4.188
4.969
3.71
2.987
3.545
3.256
2.585
2.603
1.901
1.787
2.097
2.028
2.64
3.124
2.78
2.976
3.125
3.429
3.631
3.372
3.618
3.701
3.944
3.991
3.991
4.006
3.924
4.058
3.695
3.521
3.633
3.046
3.008
3.012
3.22
3.65
4.002
4.153
4.019
3.966
3.879
3.863
3.835
4.514
4.555
4.754
4.807
4.909
4.825
5.584
5.243
4.934
4.619
4.083
3.912
4.077
4.34
4.757
4.867
4.714
4.972
4.963
5.274
5.189
4.735
5.223
5.149
5.242
4.98
4.965
5.403
4.588
5.05
4.717
4.91
4.922
4.43
4.635
4.7
4.606
4.757
4.939
4.76
4.743
4.419
4.875
4.725
5.358
4.833
4.355
4.11
4.768
4.632
4.909
4.383
4.869
4.721
4.626
4.808
4.422
4.786
4.587
4.947
4.402
4.355
4.361
4.945
4.766
4.835
5.135
4.548
4.665
4.47
4.714
4.443
4.559
4.514
5.144
4.638
4.255
4.471
4.349
4.177
3.999
3.588
4.213
4.338
4.779
4.439
4.784
4.572
4.467
4.677
4.882
4.755
4.527
4.696
4.361
4.51
5.221
4.931
5.338
5.08
5.165
5.007
4.493
3.896
3.648
4.044
3.547
3.475
3.185
3.091
3.517
3.476
3.702
3.816
3.805
3.646
3.55
3.51
3.366
3.46
3.576
3.421
3.405
3.309
3.806
4.089
4.126
3.847
3.938
4.369
4.116
4.363
4.29
4.533
4.521
4.399
4.183
4.587
4.244
4.35
4.469
3.6
3.909
4.047
3.878
3.741
3.849
4.51
4.598
4.959
4.369
4.758
4.415
4.861
4.201
4.169
4.654
4.523
4.718
4.416
4.313
5.28
4.939
3.814
4.717
5.785
5.473
4.907
4.961
5.134
4.191
4.096
4.182
4.2
5.176
4.556
4.803
4.831
4.059
4.214
3.676
3.991
4.227
4.486
4.862
4.941
5.417
5.445
4.864
5.132
5.796
6.373
6.518
6.988
7.07
6.463
7.53
6.426
6.932
6.576
7.51
7.36
7.79
8.22
8.3
8.21
7.58
7.84
6.545
6.758
7.52
7.38
7.03
7.52
7.07
6.886
7.76
6.469
7.99
7.04
5.401
6.622
7.5
6.572
7.55
8.6
7.62
7.85
5.898
7.26
7.62
8.18
7.36
6.475
7.16
7.09
7.12
7.01
7.6
7.62
6.376
6.361
5.494
6.351
6.867
6.618
5.027
6.762
5.825
5.881
6.493
5.432
4.98
4.714
4.568
4.516
3.789
3.615
3.22
2.998
2.895
3.385
3.013
3.145
3.074
2.933
3.16
3.115
3.34
3.471
3.702
3.531
3.632
3.752
3.764
3.737
3.823
3.875
4.29
4.7
4.594
4.638
5.108
5.005
4.982
4.912
5.145
5.115
4.779
4.809
4.879
4.603
4.723
5.053
4.978
4.715
4.626
4.615
5.056
5.133
4.998
5.337
5.26
4.975
5.217
4.865
5.335
4.854
5.196
4.839
5.082
4.499
4.725
4.735
4.549
3.863
3.661
4.122
4.015
3.888
4.109
4.499
4.675
4.313
4.024
4.01
3.777
4.21
4.385
4.22
3.705
4.116
4.083
3.923
4.045
3.545
3.223
3.49
3.304
3.255
3.255
2.878
2.769
2.845
2.595
2.683
2.82
2.629
2.598
2.537
2.607
2.667
2.593
2.536
2.398
2.265
2.197
2.113
2.146
2.394
2.633
2.589
2.637
2.682
2.729
2.472
2.652
2.939
3.236
3.292
3.41
3.46
3.685
3.599
3.475
3.247
3.229
3.019
2.727
2.857
3.23
3.14
3.172
3.382
3.216
2.877
2.911
2.864
2.838
2.852
3.074
2.453
2.291
2.355
2.283
2.302
1.403
1.003
1.582
1.963
2.856
5.334
4.727
2.861
1.794
2.17
2.919
2.99
2.565
2.899
3.103
2.818
2.311
3.232
3.978
3.569
3.183
3.781
4.455
4.49
4.906
4.654
4.862
4.489
4.749
4.575
4.909
5.496
5.815
5.839
6.065
5.618
6.035
5.742
6.963
7.06
8.32
7.13
7.46
7.33
7.44
6.977
7.57
7.72
7.09
7.48
7.22
7.31
5.802
6.358
6.825
5.854
6.741
6.362
5.977
5.802
6.047
6.18
6.068
5.827
6.036
5.599
5.165
5.029
4.446
4.461
4.782
4.771
4.691
3.98
4.084
4.758
4.369
4.037
4.822
3.264
3.376
4.097
3.607
3.983
3.483
3.704
2.997
4.268
3.442
4.034
3.588
3.54
3.756
2.486
3.529
2.35
3.915
3.716
3.219
3.529
2.491
2.669
2.813
3.287
2.691
3.998
3.118
2.877
2.913
2.302
2.57
2.409
2.269
3.003
2.626
2.533
1.617
2.68
2.977
1.738
1.898
3.027
3.356
3.145
2.524
2.811
2.294
2.815
1.803
2.081
2.392
2.796
2.321
2.58
1.968
2.105
3.063
2.2
2.434
2.436
3.219
1.994
2.477
2.16
2.246
2.43
2.109
1.957
2.11
2.32
2.22
2.27
2.344
2.359
2.445
2.456
2.732
2.748
2.598
2.603
2.525
2.5
2.22
2.289
2.463
2.443
2.746
2.677
2.631
2.705
2.789
2.754
2.531
2.324
2.267
2.386
2.302
2.337
2.519
2.721
2.841
2.981
3.026
3.098
3.035
2.934
2.783
2.334
2.517
2.756
2.629
2.589
2.488
2.583
2.708
2.625
2.69
2.755
2.795
2.693
2.714
2.684
2.574
2.64
2.554
2.491
2.472
2.538
2.504
2.082
2.039
1.867
1.82
1.85
1.886
2.014
2.248
2.406
2.369
2.397
2.48
2.393
2.233
2.25
2.284
2.162
1.712
1.653
1.638
1.456
1.415
1.209
1.122
.996
1.173
1.363
1.429
1.47
1.161
1.095
1.091
.99
.938
.792
.771
.598
.163
.339
.357
.456
.011
.257
.133
.149
.592
.782
.929
1.035
1.057
1.329
1.362
1.566
1.633
1.76
1.731
1.56
1.703
1.904
1.843
1.876
2.181
2.599
2.458
2.648
2.934
3.267
3.38
3.682
3.56
3.335
3.413
3.607
3.444
3.493
3.475
3.332
3.332
3.382
3.114
2.779
2.653
2.569
2.661
2.688
2.757
2.63
2.41
2.55
2.461
2.258
2.123
2.096
2.212
2.255
2.218
1.661
2.18
2.398
.994
.812
.611
.702
1.205
2.06
2.198
2.093
2.06
2.174
1.731
1.948
2.723
3.065
3.544
3.524
4.382
3.835
4.854
5.066
5.093
4.952
5.778
5.197
4.394
4.188
4.196
3.736
5.038
3.87
4.284
4.708
4.162
4.731
4.524
4.014
4.388
4.607
4.388
4.527
4.497
4.62
3.751
4.461
4.35
5.256
4.916
4.551
4.876
4.443
4.364
4.292
3.973
3.861
4.349
4.067
4.032
4.247
4.261
3.926
3.244
4.591
3.322
3.572
3.667
3.923
3.039
2.916
3.447
2.472
3.285
2.94
2.532
2.57
2.827
2.782
2.838
4.247
4.31
1.624
3.876
2.865
3.362
2.541
4.641
4.02
4.248
4.595
1.969
3.303
2.706
3.944
4.236
4.006
3.975
4.265
4.102
2.669
2.533
4.321
4.198
2.881
2.606
3.655
3.617
3.264
3.834
3.604
2.793
3.022
3.792
3.695
3.113
2.656
3.354
2.443
2.102
1.89
2.413
1.964
2.008
1.904
1.76
1.345
1.43
1.381
1.33
1.365
1.384
1.25
1.327
1.275
1.244
1.175
.919
.754
1.067
.995
.616
.361
.581
.746
1.235
1.203
1.375
1.54
2.029
5.728
6.583
5.757
6.627
5.809
6.191
5.885
5.11
4.739
5.157
4.981
4.942
4.797
5.083
5.132
5.08
4.942
5.178
4.963
4.781
4.668
4.892
4.659
4.935
4.93
4.894
5.104
5.147
5.351
5.2
5.083
5.532
5.115
5.347
5.109
4.943
4.546
4.219
4.132
3.857
3.875
3.944
4.057
4.219
4.053
4.015
3.989
4.132
4.037
4.04
3.859
4.061
4.295
4.104
4.197
4.561
4.882
4.942
4.836
5.049
4.529
4.506
4.547
4.703
4.618
5.096
4.724
4.711
4.57
4.81
4.673
4.952
5.131
5.012
5.469
5.715
6.786
7.38
7.36
6.97
7.22
6.942
7.18
7.44
6.929
6.708
6.912
6.492
6.837
6.758
7.15
8.12
7.5
6.73
7.84
7.76
7.44
7.36
7.68
8.83
8.49
8.88
8
8.75
8.1
8.4
7.69
7.75
7.57
6.978
7.51
7.95
7.6
7.93
8.44
7.71
7.95
7.64
6.669
7.28
6.943
7.84
7.49
7.24
7.58
6.707
7.17
7.47
6.962
6.934
7.07
7.95
7.46
7.13
7.34
6.471
6.387
5.933
6.897
6.539
6.254
6.628
5.345
5.655
5.617
5.393
6.049
5.06
5.737
5.557
6.535
7.18
7.52
7.75
6.437
7.83
7.56
6.759
6.86
7.68
6.355
6.477
6.28
5.636
6.754
7.26
6.904
6.561
8.17
7.87
9.6
8.61
8.96
8.15
7.96
7.75
8.84
8.9
9.15
8.17
8.15
8.21
7.24
7.97
8.38
7.96
8.69
7.77
7.22
7.63
7.78
7.85
8.14
7.92
8.35
7.67
8.06
7.28
8.04
7.7
7.24
7.88
8.14
7.44
7.43
6.331
5.912
6.065
6.08
7.01
6.924
7.01
7.41
7.32
7.48
5.486
6.389
5.74
6.424
6.926
6.475
6.57
5.787
6.688
6.735
6.168
6.621
6.97
7.23
5.823
6.788
7.03
6.284
6
5.364
4.812
6.059
5.547
6.439
5.677
5.328
5.729
4.648
6.049
5.651
5.391
5.078
4.876
4.392
4.714
5.681
4.752
5.039
4.858
4.177
4.984
4.503
4.332
4.385
5.058
4.531
4.834
4.334
4.493
3.979
3.483
3.738
3.298
3.527
3.149
2.828
2.646
2.589
2.63
2.45
2.756
2.481
2.612
2.524
2.434
2.415
2.292
2.357
2.357
2.247
1.508
1.864
2.142
2.259
2.337
2.293
2.258
2.336
2.323
1.938
1.81
2.05
2.006
2.411
2.612
2.608
2.426
2.463
2.537
2.556
2.33
2.209
2.103
2.237
2.272
2.137
2.078
1.845
1.658
1.62
1.526
1.29
1.267
1.431
1.56
1.884
1.833
2.052
1.944
1.912
1.833
1.914
1.862
1.889
1.865
1.836
1.854
1.775
1.779
1.805
1.842
2.087
2.074
2.041
1.982
2.014
1.976
2.16
2.193
2.463
2.246
2.025
1.694
1.926
1.722
1.646
1.572
1.707
1.721
1.803
1.86
2.071
2.005
1.745
1.689
2.101
2.102
2.186
1.843
1.965
2.148
2.286
2.095
1.894
1.983
1.788
1.921
2.118
2.166
2.255
2.445
2.588
2.65
2.725
2.79
2.746
2.592
2.55
2.549
2.525
2.373
2.088
2.281
2.501
2.442
2.617
2.638
2.451
2.549
2.577
2.59
2.5
2.097
2.031
2.188
2.137
1.974
2.11
2.46
2.539
2.653
2.638
2.485
2.958
2.851
2.775
2.611
2.502
2.888
3.194
3.166
2.916
3.106
2.976
3.213
3.131
3.259
3.316
2.821
2.545
2.434
2.687
2.864
2.749
2.744
2.377
2.609
2.389
2.307
2.631
2.721
2.672
2.847
3.052
2.994
2.955
2.88
2.968
3.438
3.46
4.172
4.28
4.849
3.974
4.126
4.262
5.424
4.943
5.318
5.448
5.317
5.723
5.204
5.371
5.086
5.091
4.98
4.664
4.517
4.666
4.603
5.055
4.249
4.403
3.857
4.257
4.409
4.513
4.346
3.733
4.143
4.185
3.983
4.007
4.066
4.152
3.527
4.103
3.435
4.024
3.176
4.609
4.48
4.989
4.374
4.725
4.333
4.698
3.537
4.526
4.065
3.552
3.713
4.584
4.072
3.997
4.284
3.734
3.653
4.647
3.844
2.682
4.257
3.595
3.573
3.267
4.195
4.732
3.238
3.624
4.813
3.589
4.624
3.963
3.676
4.683
4.086
2.957
4.743
3.539
4.83
3.986
3.163
4.812
3.315
4.795
4.138
3.822
3.236
3.755
4.094
3.904
3.983
4.385
4.086
4.507
4.907
4.472
4.158
4.317
4.598
4.455
4.322
4.771
4.483
4.236
3.876
4.621
4.179
3.891
3.417
3.386
3.004
2.923
2.746
2.684
2.916
2.908
2.716
2.763
2.69
2.693
3.029
2.899
2.989
2.989
3.083
3.396
3.064
3.11
2.913
3.073
3.07
3.235
3.417
3.823
3.434
3.187
3.146
2.963
3.22
3.135
3.237
3.1
3.069
3.256
3.637
3.497
3.406
3.191
3.082
2.849
2.963
3.373
3.723
3.725
3.59
3.814
3.961
3.518
3.294
3.33
3.428
3.477
3.591
3.61
3.818
3.961
3.758
3.897
3.965
3.943
3.568
3.497
3.47
3.747
3.807
3.613
3.844
3.752
3.624
3.578
3.279
3.279
3.255
3.325
3.119
3
2.952
2.674
2.742
2.804
2.773
2.553
2.43
2.308
2.378
2.545
2.973
2.944
2.732
2.584
2.24
2.574
2.377
2.371
2.311
2.414
2.05
2.122
2.277
2.458
2.471
2.416
2.594
2.568
2.447
2.64
2.752
2.589
2.551
2.197
2.124
2.173
1.92
1.458
1.634
1.986
1.909
1.858
1.927
2.021
1.954
1.857
1.82
1.547
1.115
.744
.223
.072
.175
.444
1.058
1.329
1.666
1.677
1.273
.583
.455
.155
.008
.113
.608
.764
.794
1.143
1.498
2.33
2.101
1.843
1.469
1.134
.834
.787
.81
.586
.319
.785
1.182
1.176
.915
.962
1.17
1.288
1.337
1.33
1.603
1.803
1.985
1.817
1.829
1.911
1.886
2.126
2.258
2.352
2.678
2.897
2.255
2.478
2.963
3.793
4.479
3.49
2.673
2.636
2.912
3.129
3.42
3.959
3.486
3.611
3.073
2.922
3.045
2.833
2.934
2.853
3.071
3.151
3.287
3.703
2.744
3.47
3.964
3.674
3.973
4.159
3.695
3.738
3.786
3.754
4.38
3.602
3.576
3.494
3.584
3.482
3.887
3.57
3.845
3.32
3.677
3.375
3.141
3.026
3.546
3.649
3.499
3.857
2.526
4.215
2.019
4.11
3.317
3.774
2.208
2.759
4.155
3.399
3.615
3.843
3.735
2.518
3.659
2.719
3.705
4.575
2.163
2.528
4.497
4.179
4.157
1.829
4.798
4.188
3
3.334
3.791
3.63
3.538
3.619
3.334
5.304
3.12
2.683
5.498
4.368
3.361
4.295
4.906
3.916
4.393
4.147
3.93
3.726
4.651
4.719
4.683
4.436
4.042
3.836
4
3.91
3.703
3.358
3.188
3.033
2.84
2.525
2.55
2.442
2.542
2.773
2.871
2.623
2.537
2.731
2.793
2.603
2.706
2.972
2.916
2.973
3.158
3.334
3.322
3.366
3.773
3.676
3.612
3.711
3.809
3.901
3.828
3.954
3.964
3.954
3.67
3.449
3.103
3.484
4.093
4.384
4.83
4.46
4.764
4.74
4.859
4.914
4.858
4.756
4.58
4.318
4.027
4.185
4.414
4.033
4.048
3.959
4.209
4.119
4.075
3.787
4.016
3.993
4.008
4.079
4.29
4.293
4.106
4.096
3.801
3.471
3.411
3.169
3.103
3.49
3.728
3.561
3.788
3.748
4.01
4.27
4.194
4.119
3.955
3.954
4.431
4.979
5.167
5.381
4.888
4.64
4.538
4.912
5.125
4.729
4.266
4.522
5.327
5.565
4.402
4.522
5.081
5.305
5.303
5.242
5.323
5.708
5.057
5.171
4.697
5.226
4.764
5.088
4.564
4.336
4.385
4.352
4.272
4.867
4.534
4.367
4.824
4.268
4.287
4.266
3.9
3.824
4.182
4.107
3.527
3.251
3.586
3.34
3.422
3.441
3.307
3.396
2.82
2.96
2.866
2.93
3.321
3.072
3.239
2.628
2.775
2.778
2.904
2.797
2.947
3.397
3.445
3.425
3.619
3.996
3.739
3.223
3.399
3.317
2.955
3.299
3.236
3.447
3.343
3.505
3.828
3.901
3.774
3.509
3.292
3.75
3.886
3.967
4.162
4.311
4.05
4.309
3.861
3.666
3.21
2.343
2.603
2.083
2.125
2.991
3.199
3.248
3.665
3.954
3.787
4.122
3.781
4.016
3.261
3.876
2.712
2.312
2.553
2.909
3.563
2.805
2.19
2.75
3.262
3.444
3.883
3.266
3.567
3.221
3.977
4.044
3.915
4.726
4.266
5.35
4.705
4.823
3.85
3.404
4.386
4.935
4.192
4.405
4.45
4.068
4.166
4.789
3.915
4.694
4.722
3.787
5.099
4.473
4.096
4.843
4.943
3.996
3.683
5.123
4.184
4.11
4.177
4.091
3.438
2.951
3.677
4.036
4.816
2.61
4.051
3.806
4.299
2.992
4.234
4.514
4.827
4.38
4.952
3.11
3.023
3.884
3.874
4.289
4.097
2.651
4.785
4.533
3.495
4.824
3.691
3.835
3.569
4.166
2.441
3.016
4.194
4.441
3.024
3.502
2.053
3.719
3.22
3.418
3.066
2.39
4.028
4.016
3.412
3.32
3.283
3.422
3.279
3.271
3.168
3.078
2.862
2.837
2.66
2.511
2.797
2.685
2.868
3.081
3.068
2.838
3.114
3.246
2.998
3.211
3.419
3.595
3.481
3.536
3.718
3.76
3.875
3.856
3.989
4.477
4.328
4.04
4.28
4.5
4.5
3.814
3.667
3.631
3.583
3.629
4.322
4.567
4.113
3.867
3.961
3.822
3.408
3.706
3.598
3.701
4.071
3.941
4.01
3.909
3.629
3.702
3.955
4.52
4.623
4.55
4.35
4.336
4.519
3.938
3.691
3.798
3.813
4.223
4.478
4.52
4.119
3.982
3.658
3.413
3.275
3.303
3.479
3.196
3.283
3.436
3.523
3.719
3.149
3.234
3.157
3.058
3.229
3.458
3.337
2.929
2.928
2.867
2.588
2.73
2.677
2.688
2.478
2.438
2.003
1.794
1.932
1.769
1.956
1.937
1.78
1.366
1.012
1.137
1.052
.825
.948
1.061
1.576
1.678
1.615
1.331
1.363
1.475
1.57
1.785
1.67
1.636
1.203
1.223
3.112
1.5
.458
.861
1.842
1.721
1.445
.637
0
0
.024
.405
1.001
1.067
.978
.676
.905
1.416
2.166
2.325
1.611
1.501
1.957
2.001
2.327
1.795
2.161
2.484
2.411
2.768
2.448
2.328
2.982
3.202
3.099
3.028
2.847
2.53
2.439
2.416
2.278
1.91
2.016
1.844
1.444
1.495
1.279
1.946
2.296
2.342
2.621
2.706
2.768
2.623
2.59
2.667
2.968
2.887
3.422
3.005
3.306
3.02
3.15
2.637
2.415
2.926
2.894
3.296
2.902
2.65
2.383
2.081
2.164
2.245
1.505
1.396
1.453
.802
1.331
1.028
1.513
1.377
.655
1.025
1.542
1.036
.416
.338
.974
.872
1.712
.905
1.517
1.249
1.586
1.09
1.184
1.186
1.44
1.475
1.238
1.481
1.704
2.162
1.524
2.345
2.051
1.804
1.643
1.482
2.639
1.842
1.374
.982
2.289
2.638
2.09
3.119
2.285
2.477
2.651
2.75
2.704
2.566
2.189
3.522
2.748
3.775
3.289
3.69
3.664
3.249
3.182
3.695
3.002
3.721
3.487
2.858
3.798
3.046
3.263
2.76
2.899
3.14
2.112
3.236
2.702
3.483
2.647
2.817
2.69
2.494
3.112
2.671
2.481
2.562
2.777
3.349
3.343
2.773
3.047
3.233
2.845
2.84
2.703
2.498
3.287
2.728
2.2
2.28
2.417
2.627
2.48
2.556
2.495
2.36
2.485
2.646
2.666
2.688
2.717
2.754
3.099
3.208
3.103
2.979
3.19
3.13
2.954
2.962
2.947
2.902
2.82
2.649
2.83
2.92
2.831
2.706
2.691
2.619
2.466
2.775
2.516
2.829
2.984
3.273
3.368
3.911
4.25
4.608
4.508
4.241
3.756
3.417
3.368
3.432
3.672
3.705
3.33
3.201
3.119
3.082
3.168
2.956
2.996
3.055
3.137
3.228
3.158
3.16
3.257
3.665
3.811
3.874
4.208
4.297
4.124
3.822
3.294
2.967
2.799
2.73
2.821
2.83
2.804
2.891
2.693
2.51
2.31
2.271
2.278
2.349
2.16
1.94
2.127
2.14
2.225
2.092
1.947
2.01
2.242
2.374
2.396
2.469
2.408
2.028
1.818
1.954
2.428
2.752
2.466
2.419
2.244
2.296
2.592
2.783
2.644
2.594
2.733
2.758
2.78
2.496
2.129
2.168
1.757
1.3
.983
1.077
1.482
1.655
1.478
1.102
1.109
1.546
1.542
1.457
1.566
1.322
1.528
1.954
1.852
1.507
1.558
.95
.677
.893
.775
1.062
1.403
1.39
1.673
1.877
2.02
1.91
1.911
2.247
2.097
1.967
1.506
1.899
2.172
1.864
2.009
2.256
1.978
2.003
1.935
1.775
2.004
1.925
1.796
1.819
1.541
1.392
1.262
1.161
1.118
1.007
.991
1.252
1.448
1.662
1.94
1.639
1.471
1.871
1.815
2.105
2.174
2.062
2.314
2.508
2.509
2.962
2.873
3.485
3.9
3.57
4.058
3.96
4.211
3.428
4.311
4.528
4.067
3.983
4.443
4.574
4.116
3.264
4.32
3.958
3.659
4.287
3.477
3.9
3.331
3.358
3.487
3.959
3.594
4.071
4.15
3.916
3.679
3.841
3.891
3.927
3.625
3.586
3.317
3.495
3.315
2.564
3.323
2.444
3.774
3.816
2.959
3.141
3.813
3.997
2.351
3.415
4.289
4.397
4.487
3.774
4.364
3.53
3.226
3.976
3.527
3.512
3.772
3.268
3.164
3.537
4.132
3.239
3.293
3.563
4.648
2.963
4.583
4.515
4.601
4.045
4.087
3.545
3.932
3.48
3.575
3.038
2.299
2.987
2.987
3.721
4.173
2.481
3.357
3.48
3.649
3.846
2.904
2.845
3.064
2.754
3.236
2.887
3.881
4.132
3.74
3.878
3.488
3.396
3.144
2.951
2.831
2.889
2.944
2.841
3.042
3.434
3.796
3.817
4.159
4.448
4.073
4.057
3.947
4.256
3.744
3.607
3.547
4.31
4.342
4.617
4.537
4.215
3.904
4.061
4.531
4.354
3.913
4.151
4.424
4.4
4.606
4.522
4.548
4.208
3.875
3.57
3.662
3.158
3.115
3.514
3.968
4.51
4.352
4.042
3.974
3.965
4.232
4.476
4.38
4.149
4.179
4.212
3.953
3.827
4.051
3.916
3.76
3.908
3.808
4.068
3.773
4.083
3.887
4.184
4.154
4.426
4.032
3.968
4.083
3.749
3.786
3.897
3.482
3.496
3.749
4.114
3.819
3.56
3.866
3.735
3.835
3.642
3.48
3.533
3.733
3.237
3.731
3.388
3.905
3.723
3.506
3.692
4.076
4.409
4.133
4.051
3.733
3.464
3.061
2.841
2.941
2.617
2.48
2.22
2.457
2.437
2.716
2.545
2.327
2.129
2.046
1.995
1.811
2.059
2.106
1.877
1.776
1.971
2.013
1.813
1.765
1.959
2.032
2.069
2.262
2.289
2.329
2.174
2.109
2.028
2.013
1.853
3.637
3.064
2.953
2.714
1.512
1.371
.929
.792
1.01
1.285
1.107
.745
.792
1.036
.898
.442
.196
.348
.537
.44
.465
.749
1.158
.869
.398
.606
.434
.918
1.163
1.06
1.331
1.633
1.846
2.169
1.97
2.013
1.659
1.4
1.419
1.778
1.934
1.994
2.361
2.219
2.985
2.939
3.198
2.571
2.548
2.291
2.199
1.922
1.651
1.808
1.756
1.33
1.893
3.112
3.207
3.213
3.244
3.151
2.436
3.094
3.533
3.188
2.504
2.101
2.087
2.237
2.608
3.112
2.94
3.173
3.058
3.442
3.455
3.702
3.406
3.906
3.813
4.389
4.353
5.422
4.696
4.201
4.743
4.74
5.116
4.128
4.975
4.56
4.464
4.714
4.762
5.447
4.097
4.163
4.457
5.338
4.937
4.995
4.028
4.262
4.225
5.119
5.1
4.517
5.581
5.218
4.531
5.465
4.812
5.68
5.131
5.705
5.697
5.29
4.561
5.733
4.072
4.102
5.363
4.542
5.113
4.683
4.948
5.383
5.602
5.172
4.46
5.995
5.212
4.991
5.471
5.139
5.297
5.359
5.23
5.872
5.647
5.567
5.726
5.683
5.896
5.663
5.691
5.38
5.092
4.706
4.624
4.651
3.869
3.814
3.601
2.997
2.777
2.656
2.586
2.505
2.406
2.54
2.708
2.679
2.614
2.38
2.653
2.846
3.112
3.324
3.318
3.04
2.896
3.142
3.295
3.165
3.134
3.062
2.857
2.811
2.872
2.687
2.425
2.395
2.549
2.652
2.596
2.471
2.955
3.184
3.291
3.189
3.148
3.118
3.002
2.919
3.229
3.356
3.696
3.258
2.876
2.746
2.787
2.752
2.834
2.829
2.622
2.68
2.867
2.752
2.505
2.616
2.471
2.47
2.504
2.866
3.092
2.92
3.009
3.116
3.158
2.94
2.984
2.95
3.243
3.467
3.517
3.556
3.485
3.674
3.522
3.488
3.51
3.406
3.394
3.601
3.305
3.137
3.138
3.301
3.012
2.883
2.787
3.12
3.258
2.996
2.528
2.428
2.323
2.323
2.469
2.962
3.011
3.232
3.14
3.02
2.874
2.61
2.585
3.001
3.195
2.715
2.865
3.273
3.692
4.145
3.623
3.27
3.448
3.579
3.9
4.259
4.237
3.79
3.603
3.297
3.461
3.723
3.948
3.838
3.573
3.192
2.828
2.688
2.783
2.718
3.145
3.146
3.74
3.916
3.929
3.787
2.931
2.69
3.136
2.227
2.74
2.931
3.399
3.021
3.027
2.729
2.755
2.885
2.985
2.827
2.772
3.489
3.499
3.311
2.908
2.803
2.238
2.309
2.619
2.916
3.338
3.284
2.656
2.572
2.851
2.776
2.749
2.639
2.441
2.601
2.685
2.902
3.262
2.582
2.393
2.987
2.615
2.479
2.75
3.134
3.208
3.123
3.558
2.845
2.994
3.335
3.232
3.827
3.702
3.546
3.397
3.689
3.791
3.503
3.818
3.615
3.517
3.937
3.681
3.359
3.542
3.603
2.496
3.55
3.191
3.947
3.391
3.614
3.011
3.319
3.928
3.991
3.385
2.54
3.62
3.568
3.485
3.217
2.662
2.726
3.252
2.484
2.957
2.468
2.003
2.731
.898
2.646
2.846
1.809
2.125
2.955
1.826
3.16
2.687
1.862
2.398
1.97
2.463
2.227
2.134
1.192
1.185
1.683
2.712
2.176
2.267
1.969
.891
1.389
1.61
.648
2.645
1.85
1.346
2.08
3.014
3.317
2.302
1.709
1.378
3.043
2.882
2.741
2.171
2.091
2.911
1.802
2.274
3.034
2.928
2.518
1.737
1.316
1.436
2.395
1.592
1.692
1.685
1.53
1.877
1.699
2.164
1.468
1.843
1.778
1.851
1.816
1.594
1.582
1.622
1.758
1.787
1.855
1.816
1.802
1.787
1.668
1.527
1.406
1.291
1.328
1.668
1.648
1.47
1.588
1.932
2.14
2.366
2.311
2.36
2.371
2.368
2.109
2.389
2.309
1.99
2.052
2.047
1.955
1.59
1.379
1.268
2.288
2.047
2.01
1.885
2.24
2.042
2.282
1.958
2.293
2.222
2.144
2.089
2.601
3.335
3.249
3.114
2.918
3.463
3.92
3.823
3.777
3.887
3.78
3.679
3.927
4.205
4.053
3.925
3.957
4.283
4.057
4.008
4.297
4.371
4.732
4.338
4.06
3.888
4.022
3.65
3.719
4.064
3.977
4.161
4.067
4.161
4.489
4.74
4.445
4.393
4.42
4.298
3.99
3.995
4.059
4.021
4.082
4.015
4.025
3.637
3.649
3.992
4.081
3.952
3.855
3.79
3.923
4.031
3.733
3.589
3.768
3.529
3.701
3.798
3.513
3.492
3.818
3.77
4.034
3.891
3.941
3.925
3.622
3.897
3.908
3.598
3.548
3.454
3.224
3.322
3.418
3.797
3.53
3.355
3.379
2.859
2.849
3.18
3.199
2.992
3.124
2.978
3.298
3.08
3.261
3.231
3.049
3.239
3.618
3.339
3.629
3.249
3.064
2.853
2.968
2.581
2.315
2.129
2.309
2.721
2.608
2.867
2.948
3.289
3.186
2.961
3.184
3.471
3.55
3.583
3.853
4.518
4.459
4.212
4.113
4.455
4.902
4.359
4.207
4.983
4.348
5.186
5.687
4.964
5.891
4.744
5.455
5.264
5.86
5.69
5.48
5.406
5.418
4.874
5.224
4.986
5.246
6.022
4.747
5.807
5.636
5.041
5.636
5.315
6.839
5.932
5.664
6.093
6.166
6.701
5.218
5.978
6.555
6.523
5.559
6.13
5.923
6.444
7.03
6.886
6.249
7.04
6.601
6.791
6.363
4.798
6.191
5.07
5.913
5.48
5.553
6.172
6.229
5.508
5.778
5.878
5.522
5.839
5.687
4.977
5.207
4.722
5.108
5.443
4.702
4.791
5.792
4.102
4.039
4.899
4.574
5.119
4.556
4.801
3.929
4.295
4.719
5.308
4.085
4.09
4.839
3.982
4.712
3.858
3.589
3.153
4.327
3.431
3.452
2.746
2.896
3.024
2.8
3.485
3.108
3.53
3.94
4.113
3.418
3.15
2.77
2.836
2.862
2.814
2.645
2.377
2.291
2.085
2.026
2.05
2.496
2.548
2.563
2.614
2.756
2.64
2.686
2.365
2.205
2.262
2.289
2.523
2.844
2.841
2.748
2.554
2.671
2.671
2.692
2.858
2.932
2.601
2.881
2.941
3.244
3.328
3.819
3.751
3.563
3.436
3.135
3.207
3.274
3.313
3.125
3.355
3.397
3.68
3.658
3.744
3.62
3.714
4.063
4.394
4.761
4.311
4.603
4.851
4.898
5.177
4.723
5.154
4.852
4.966
4.973
4.944
4.881
4.875
5.034
5.018
5.327
4.84
4.483
4.605
4.496
4.373
3.893
3.9
3.741
4.154
4.006
3.92
4.142
3.951
4.151
4.213
3.834
4.09
4.194
3.807
4.091
3.683
3.487
3.305
3.462
3.267
3.142
3.099
3.199
3.275
3.569
3.792
3.753
3.878
4.05
4.029
4.026
4.225
4.173
4.151
4.028
3.866
4.021
3.908
3.794
3.795
3.814
4.089
4.241
3.919
4.054
4.217
4.019
4.5
4.148
4.383
4.124
4.904
4.778
4.526
4.562
4.69
4.778
4.158
4.659
4.588
4.254
4.127
4.164
4.064
4.352
4.49
4.17
3.925
3.793
3.611
3.491
3.249
3.237
3.292
3.207
3.147
3.477
3.133
3.531
3.812
4.606
4.27
4.134
4.655
4.309
3.626
3.726
4.404
4.5
3.898
3.962
4.267
3.823
3.838
4.257
4.475
4.428
4.172
4.227
4.025
3.919
3.804
4.588
4.49
4.634
4.149
4.324
4.621
4.2
4.47
4.703
4.464
4.99
4.208
4.119
4.164
3.685
3.331
3.229
3.428
2.997
2.476
3.184
3.248
3.257
3.99
4.056
4.357
3.667
4.381
4.306
3.61
4.538
4.684
4.209
4.466
4.676
4.423
4.646
4.618
4.514
4.582
4.459
3.999
3.917
4.696
4.977
4.25
5.095
4.661
5.292
5.283
5.191
4.803
5.124
4.828
5.719
4.331
5.236
4.768
4.679
4.994
5.607
5.477
4.563
5.363
5.092
5.398
4.918
5.633
5.105
3.96
5.531
4.68
4.882
3.977
4.531
3.763
4.391
4.61
3.436
4.042
4.127
4.538
3.385
2.64
3.952
3.96
4.176
3.648
3.421
3.91
3.975
3.599
3.39
2.963
3.335
3.588
3.701
2.675
3.44
3.866
3.238
3.491
2.646
2.236
2.718
2.414
2.818
4.165
3.68
3.194
2.909
3.422
3.325
3.005
2.594
3.355
3.086
2.613
2.926
2.889
2.774
2.497
2.9
3.03
3.103
2.973
3.082
3.184
3.393
3.235
3.525
3.723
3.785
3.545
3.521
3.346
3.405
3.834
3.888
4.156
4.042
4.02
4.184
4.183
4.081
3.761
4.024
3.756
3.725
3.772
3.732
3.688
3.539
3.484
3.373
3.354
3.427
3.643
4.046
3.937
3.744
4.519
4.139
3.738
3.747
3.886
4.095
3.938
4.154
4.367
4.881
4.611
4.741
4.507
4.567
4.816
4.799
4.827
4.615
4.613
4.748
5.081
4.971
4.649
5.244
5.622
5.676
5.576
6.064
5.661
5.433
5.247
5.617
5.266
5.81
5.901
5.488
5.461
5.399
4.924
4.737
4.681
4.885
4.75
4.702
4.566
4.919
4.545
4.419
4.801
4.971
4.375
4.644
4.319
4.591
4.268
4.175
4.116
4.06
4.038
4.138
4.206
4.256
4.145
3.67
3.641
3.457
3.502
3.132
3.025
3.458
3.393
3.348
3.161
3.165
2.98
3.141
3.014
2.87
3.007
2.912
2.796
2.685
2.556
2.437
2.314
2.704
2.839
2.79
2.668
2.709
2.784
2.73
2.64
2.807
2.715
2.347
2.155
2.345
2.276
1.916
1.524
1.343
1.199
.907
1.068
1.593
2.011
2.062
2.01
1.942
1.751
1.698
1.189
1.029
1.048
1.355
1.543
2.023
1.968
2.269
2.289
2.208
2.14
1.837
1.499
1.494
.997
1.416
1.513
1.392
1.884
1.661
1.196
.757
.757
.842
.455
1.427
.855
.225
.515
.788
1.414
1.641
2.035
.92
1.159
1.363
.969
.94
1.201
2.055
2.355
2.615
2.158
2.572
2.538
2.615
2.296
2.995
2.705
2.683
2.657
2.16
2.074
2.393
2.167
2.302
2.454
2.655
1.919
2.468
2.002
2.766
2.991
2.348
2.472
2.11
3.244
2.038
1.946
2.442
2.497
1.708
2.598
2.029
2.169
2.79
1.402
2.287
1.987
2.153
2.651
2.553
1.451
1.682
2.281
1.464
1.457
2.352
1.606
1.46
1.457
.933
1.762
1.267
1.233
1.382
2.153
1.615
1.189
.994
1.308
2.056
1.763
1.233
.762
1.44
1.215
1.344
1.14
.877
1.365
2.179
1.627
2.341
1.636
1.538
.629
1.947
2.558
2.493
2.403
1.971
1.042
1.586
1.33
1.442
1.172
1.419
1.554
1.892
1.985
1.794
1.903
1.773
2.224
2.35
2.416
2.746
2.645
2.437
2.409
2.655
2.529
1.885
2.149
2.901
2.87
1.822
1.774
1.959
1.64
.514
.622
.82
1.061
.692
0
.292
.418
.486
.342
.514
.827
1.037
1.373
1.625
1.778
2.047
2.06
2.419
2.747
3.119
3.288
3.266
3.436
3.299
3.238
2.975
3.381
3.183
3.1
2.943
2.773
3.013
3.233
3.378
3.3
3.183
2.764
2.7
2.98
3.265
3.341
3.418
3.44
3.2
2.68
2.795
2.864
2.862
2.475
3.17
4.265
4.116
3.592
3.264
3.103
3.295
3.678
4.198
3.618
3.531
3.975
3.972
3.948
4.227
4.27
4.105
4.143
3.964
3.891
3.968
3.901
3.672
3.629
3.581
3.319
3.365
3.734
3.625
3.601
4.054
4.045
4.039
3.949
4.032
3.983
3.836
3.699
3.97
4.04
4.167
3.946
4.208
4.027
4.074
4.042
3.873
4.025
3.744
3.925
3.906
3.915
4.045
4.219
4.845
4.512
5.1
4.822
4.229
4.454
4.235
4.359
3.738
3.777
3.745
3.379
3.45
3.009
3.291
3.409
3.146
3.242
3.328
3.246
3.274
3.166
2.987
2.924
3.051
2.834
2.955
2.534
2.539
2.685
2.78
3.079
3.072
2.888
2.859
2.863
2.98
2.623
2.626
2.471
2.423
2.546
2.548
2.907
3.135
3.138
3.464
3.32
3.596
3.616
3.647
3.752
3.967
3.747
3.444
3.97
3.937
3.976
3.904
4.367
4.188
3.86
4.614
3.313
3.715
3.388
4.238
4.638
3.787
4.007
4.186
4.19
3.156
3.985
2.914
4.252
4.101
3.48
3.699
3.965
3.795
3.659
4.54
4.162
3.959
3.865
3.937
4.123
3.809
4.337
4.39
4.132
4.662
3.982
4.283
4.524
3.961
4.5
4.893
4.139
4.513
5.004
5.084
5.161
4.751
4.324
4.718
4.264
4.888
4.325
4.612
4.093
4.607
3.939
4.45
4.796
5.273
4.119
4.982
3.636
3.591
5.228
3.869
3.554
3.556
3.847
4.051
5.014
5.048
4.209
4.242
3.484
3.417
3.437
3.645
3.648
4.37
4.19
4.224
2.699
3.65
3.579
3.974
2.93
3.47
2.672
4.89
4.367
3.917
3.585
3.432
3.686
3.229
2.528
3.237
2.682
3.073
2.761
3.377
2.079
3.089
2.325
2.738
2.978
2.981
2.894
2.683
2.753
2.737
2.644
2.908
2.816
2.774
2.817
2.841
3.083
2.896
2.763
2.998
3.135
3.281
2.918
3.037
3.046
3.031
2.985
3.011
3.287
3.399
3.401
3.408
3.514
3.64
4.323
4.607
4.335
4.422
4.492
4.116
3.803
3.932
3.79
3.412
3.339
3.197
3.334
3.41
3.509
3.753
3.917
3.907
3.864
4.427
4.479
4.272
3.771
3.742
3.572
4.142
4.481
4.504
4.337
4.661
4.929
4.749
5.141
5.176
5.132
4.582
4.506
4.41
4.792
4.853
5.108
5.254
5.61
5.027
5.03
5.091
5.092
5.598
5.354
5.503
5.056
4.797
