2.22
1.944
2.331
2.67
2.55
2.763
2.496
2.549
2.401
2.737
2.471
1.919
2.134
2.445
2.668
2.388
2.033
2.066
1.539
1.458
1.878
1.756
1.745
1.606
1.928
2.097
1.994
1.968
1.948
1.888
1.77
1.541
1.278
1.112
1.303
1.21
1.115
1.376
1.368
1.509
1.613
1.892
2.441
1.941
1.901
2.474
3.325
3.312
3.039
2.893
2.631
2.482
2.359
2.168
2.263
2.209
1.991
2.014
2.427
1.9
2.52
2.571
2.402
1.905
1.342
1.421
1.682
1.649
2.034
1.776
2.176
2.159
2.157
2.261
2.686
2.347
2.055
2.597
2.405
2.502
1.502
1.532
1.174
1.449
1.769
1.558
1.935
2.257
2.68
2.537
2.434
2.042
2.04
2.163
2.164
2.618
2.614
2.417
2.541
2.628
2.69
2.741
3.346
3.684
3.647
3.747
3.412
4.008
4.158
3.407
3.861
3.419
3.428
3.499
3.053
3.767
3.557
3.832
3.717
4.221
4.364
3.86
4.454
4.454
3.76
3.93
3.883
3.384
3.462
3.287
3.108
2.942
3.14
2.256
2.954
3.377
2.848
2.433
2.128
2.757
1.851
3.187
2.886
1.889
1.929
1.567
2.031
1.743
1.82
1.873
2.035
2.491
2.405
2.131
2.721
2.834
2.977
3.558
4.32
3.466
3.882
3.773
3.038
2.559
2.725
2.059
2.603
2.03
2.122
3.204
4.878
4.96
4.411
4.338
5.474
5.541
5.084
4.858
3.842
4.048
3.947
3.908
3.679
3.611
3.693
4.093
4.094
3.329
3.036
3.063
3.238
2.609
2.827
2.906
2.977
2.779
3.34
2.764
3.198
2.507
2.733
2.704
2.481
2.312
2.198
2.397
2.414
2.146
1.891
1.268
2.017
1.966
1.509
2.347
2.391
2.236
2.068
2.004
1.671
1.679
1.732
1.359
1.139
1.464
1.84
1.158
.943
1.072
1.053
.809
.551
.668
.631
1.048
1.271
1.036
1.148
1.159
.925
1.048
1.112
1.029
1.335
1.364
1.365
1.14
1.278
1.269
1.076
1.439
1.738
1.463
1.265
1.25
.886
1.02
1.21
1.104
.878
.902
1.217
1.43
1.128
.669
.881
.975
.934
1.722
2.825
4.662
5.717
5.05
3.778
3.182
3.125
2.982
2.962
3.412
3.245
2.572
2.718
2.83
2.149
1.664
1.375
1.305
1.065
.655
.939
1.23
1.151
.988
.985
.644
.443
.53
.716
.97
1.082
.913
.675
.571
.203
.093
.361
.207
0
.247
1.17
.695
.687
.988
1.057
1.271
1.143
1.348
1.536
1.884
2.041
1.859
1.627
1.682
1.441
1.437
1.394
1.466
1.45
1.418
.862
.978
.933
.737
.175
0
.167
.44
.496
.468
.159
.811
.592
.621
1.268
1.806
1.864
1.75
1.813
1.454
1.641
1.644
1.531
1.339
1.038
1.005
1.133
1.037
.521
.011
.071
0
.755
1.009
.781
.766
.711
.357
.726
.662
.93
.732
.691
.869
.735
1.021
.965
.987
1.241
1.02
1.049
.987
.786
.823
.955
1.289
1.494
1.404
1.446
1.356
1.624
2.093
1.966
2.204
2.679
2.952
2.912
3.276
2.836
3.426
3.842
3.282
3.838
3.716
2.985
3.795
3.6
3.349
3.783
3.898
3.484
3.882
3.125
3.278
2.467
3.175
2.738
3.003
3.162
2.865
2.674
3.051
3.133
2.632
3.036
2.81
3.322
2.632
2.24
3.05
3.048
2.665
3.356
2.89
3.18
1.456
2.855
2.466
2.829
3.296
2.936
3.343
3.147
3.859
3.655
3.559
2.906
3.064
3.137
3.195
3.859
2.899
3.209
3.76
3.196
3.822
3.324
3.649
4.241
3.007
3.04
3.016
3.99
3.046
2.108
2.913
4.159
3.401
2.563
3.307
2.754
3.515
3.494
2.481
3.576
3.454
2.404
4.022
4.035
2.583
2.851
4.15
3.698
3.12
3.096
3.587
2.956
3.145
3.578
3.632
3.52
2.391
2.731
3.355
3.039
3.067
2.415
3.3
3.61
3.078
3.406
3.424
3.506
2.866
2.824
2.75
2.723
3.644
3.71
3.001
2.7
2.475
2.743
3.071
3.532
3.032
2.643
2.37
2.764
3.327
3.161
3.28
3.123
2.861
2.744
2.545
2.735
2.786
2.597
2.231
2.069
2.183
2.149
2.287
2.598
2.616
2.672
2.95
2.596
2.727
2.294
2.525
2.621
2.579
2.375
2.591
2.528
2.642
2.591
2.647
2.883
3.054
2.806
2.974
3.014
3.503
3.582
3.761
3.348
3.953
3.829
3.828
3.271
3.174
2.879
2.943
3.123
3.225
2.878
2.58
2.222
2.042
1.885
1.953
2.055
1.968
1.881
1.789
1.602
1.695
1.697
1.917
2.038
1.912
2.181
2.148
2.119
2.076
2.019
1.568
1.436
1.478
1.512
1.427
1.113
1.272
1.258
1.194
1.367
1.505
1.77
1.906
1.655
1.733
1.68
1.804
1.892
2.206
2.148
1.778
1.741
2.067
1.9
2.204
2.119
2.282
2.232
2.284
2.283
2.235
2.24
2.045
2.035
2.221
2.094
1.976
2.503
2.889
2.837
2.788
2.627
2.504
2.523
2.439
2.378
2.29
2.069
2.111
2.13
2.039
2.227
2.315
2.547
2.383
2.238
1.97
1.839
1.781
1.702
1.659
1.704
1.757
1.902
1.757
1.741
2.021
2.169
1.999
2.016
1.729
2.113
2.808
2.705
2.623
3.08
3.228
3.777
3.193
3.309
3.361
3.577
3.58
3.149
3.813
3.682
3.671
3.2
3.926
3.683
3.012
3.415
3.679
3.972
4.189
4.279
4.129
4.835
3.896
4.257
4.392
4.956
4.085
3.327
4.238
4.419
3.399
4.652
4.816
4.039
3.867
4.964
4.533
4.239
4.706
5.706
4.804
4.409
5.261
4.644
4.962
4.845
5.247
5.328
4.955
5.596
5.105
5.53
4.871
5.535
5.554
5.268
5.379
5.276
4.686
4.811
5.167
4.161
4.413
4.33
4.683
4.818
4.643
5.44
5.447
4.528
5.039
5.535
4.945
5.405
5.209
4.597
5.57
5.012
5.287
4.385
4.795
5.43
4.668
4.314
5.097
5.66
4.806
5.404
5.028
4.96
5.56
5.678
4.946
4.945
4.929
5.391
5.756
5.15
4.966
5.027
5.98
6.125
4.724
5.852
5.787
5.434
5.35
5.692
4.776
4.198
4.859
5.086
4.621
4.32
5.128
5.243
3.841
4.911
3.792
3.74
4.723
4.729
5.005
4.865
4.894
3.954
3.836
3.959
3.569
3.208
2.891
2.844
3.098
4.094
3.44
3.506
3.563
3.075
3.211
3.24
2.877
2.685
2.343
2.21
2.055
2.075
1.882
1.955
2.321
2.443
2.483
2.227
2.281
2.422
2.346
2.327
2.479
2.59
2.778
2.988
3.176
2.96
2.806
2.663
2.717
2.692
2.846
2.811
3.046
3.09
3.108
3.041
3.042
3.207
3.204
3.45
3.217
3.598
4.096
4.449
4.24
4.428
4.338
4.519
4.406
4.186
3.888
3.802
4.12
3.928
3.799
3.62
3.696
3.456
3.71
4.033
4.283
4.797
4.963
4.902
4.93
4.945
4.138
3.811
3.558
3.578
3.787
3.75
3.635
3.646
3.333
3.019
3.117
2.902
3.002
3.196
3.22
3.305
3.552
3.816
3.694
3.53
3.584
3.87
3.559
3.457
3.589
3.503
3.675
3.446
3.506
3.625
3.864
3.762
3.559
3.451
3.6
3.317
3.278
3.101
3.531
3.37
3.319
3.596
3.493
3.472
3.653
3.251
3.014
3.046
2.989
2.871
2.76
2.661
2.664
2.267
2.592
2.422
2.419
2.345
2.337
2.225
1.959
1.871
2.157
2.437
2.52
2.519
2.614
2.397
2.396
2.532
2.688
2.513
2.932
2.614
2.572
2.395
2.232
2.31
2.308
2.546
2.614
2.312
2.764
2.656
2.599
2.617
2.82
3.042
3.882
3.302
3.814
4.03
3.991
3.951
4.981
4.484
5.084
5.564
4.809
5.713
5.656
6.301
5.828
5.89
7.33
6.271
6.884
6.675
7.53
6.971
7.15
7.47
7.06
8.2
6.563
7.09
6.818
7.34
6.248
7.32
6.46
7.54
7.11
7.39
6.925
7.13
6.756
6.946
5.437
6.732
6.779
6.202
7.23
6.678
6.42
7.6
6.468
6.696
6.597
7.43
7.2
6.829
7.38
7.29
6.655
7.52
5.925
7.18
7.06
7.19
6.785
7.09
6.029
6.815
7.47
7.13
6.717
6.867
6.748
7.95
7.31
6.064
7.57
7.93
6.65
7.12
6.871
7.32
7.91
7.75
7.72
7.45
7.74
6.082
7.46
7.15
6.925
7.58
7.33
7.89
7.11
9.07
7.43
6.98
7.28
7.28
6.062
6.675
7.62
7.76
5.799
5.806
6.134
6.466
6.717
6.923
6.635
7.03
6.816
7.27
7.42
7.61
7.09
7.23
7.09
7.57
6.613
7.06
5.744
7.16
7.16
6.035
6.345
7.01
7.12
7.18
5.293
7.15
6.253
4.9
5.313
4.727
5.849
5.601
5.685
5.595
5.457
5.138
5.03
4.737
4.903
4.677
4.47
4.599
4.412
4.06
4.547
4.75
4.523
4.866
4.989
4.454
4.93
4.455
4.743
5.089
4.588
4.707
4.036
4.277
4.069
4.023
4.315
4.114
4.301
4.475
4.407
4.339
4.169
3.992
4.167
4.076
3.646
3.744
3.656
3.994
4.199
4.198
4.41
4.19
3.683
4.05
4.046
4.233
4.025
3.825
3.965
3.865
3.928
4.099
4.255
4.218
4.082
4.261
4.21
3.703
3.676
3.844
4.044
4.62
4.079
4.489
4.522
4.145
3.817
4.058
4.059
3.764
3.679
3.541
3.416
2.966
2.974
3.043
2.887
2.827
2.747
2.727
2.52
2.691
2.569
2.678
2.578
2.682
2.742
2.815
3.079
3.212
3.468
3.708
3.469
3.53
3.472
3.645
4.09
4.196
4.014
4.217
3.636
4.01
4.115
4.285
4.346
3.821
3.949
3.619
3.928
3.943
4.432
4.091
3.927
3.756
4.484
4.478
4.829
4.643
4.733
4.715
4.531
3.777
4.127
4.672
5.184
4.821
5.354
5.057
4.932
4.991
5.302
5.278
5.842
5.624
5.071
5.498
5.466
5.046
4.95
4.782
4.566
3.658
3.487
3.271
3.581
3.627
3.916
3.682
4.752
3.99
4.166
5.191
5.088
5.149
6.238
6.17
6.35
6.832
6.048
5.6
6.681
6.446
6.488
5.888
6.897
7.19
6.402
7.47
6.855
6.972
6.984
7.15
7.4
6.906
6.791
7.38
7.69
6.984
5.817
6.664
7.05
6.579
7.79
7.69
7.69
8.55
7.87
7.91
7.53
6.739
8.22
8.28
7.94
7.26
7.85
8.12
8.15
7.94
7.65
8.2
7.68
6.833
7.97
7.91
7.79
6.54
7.7
7.92
5.788
8.07
6.644
7.1
7.21
7.23
7.51
8.05
6.74
7.3
6.872
7.52
8
8.15
8.1
7.37
6.918
7.66
7.52
7.59
7.06
7.56
8.44
8.4
7.56
8.84
8.94
9.59
7.46
8.39
8.32
8.61
8.33
9.33
8.56
7.61
7.94
6.994
7.79
7.66
7.92
7.85
8.08
8.52
8.15
8.27
7.34
8.75
7.87
7.71
7.08
7.34
8.15
7.99
7.76
7.05
6.953
7.49
8.02
7.7
7.55
6.802
7.15
7.66
6.466
6.994
6.816
7.11
6.105
6.295
7.23
6.107
6.447
5.262
6.692
6.546
6.38
6.046
6.104
5.644
5
4.936
6.256
5.342
4.719
4.405
5.071
4.473
4.319
4.065
4.223
4.066
4.243
3.763
3.996
4.303
4.472
4.499
4.368
4.172
4.139
3.746
3.316
3.689
4.006
4.28
4.43
4.682
4.806
4.618
4.894
5.306
5.587
4.812
4.263
3.931
4.565
4.429
3.936
3.922
4.325
4.528
4.802
4.754
5.031
4.724
5.064
4.51
4.797
5.075
4.881
5.056
4.826
4.963
5.166
4.699
4.93
4.585
5.414
5.297
5.404
5.211
5.628
5.126
5.01
4.418
4.433
5.289
4.721
5.32
5.196
5.186
4.943
4.962
4.716
4.832
4.327
4.108
4.277
4.261
4.306
4.285
4.521
4.293
4.632
4.465
4.376
4.826
4.771
4.888
4.594
4.714
4.948
4.814
4.911
4.697
4.778
4.464
4.192
4.304
4.157
4.292
4.138
4.364
4.107
4.09
3.778
3.83
3.841
3.938
4.067
3.744
3.492
4.056
3.89
3.83
4.006
3.92
3.986
4.267
3.875
3.877
3.779
3.863
3.904
3.998
3.985
4.485
4.82
5.489
4.861
5.696
5.948
5.836
5.503
5.047
4.643
4.485
4.648
5
4.997
5.02
5.116
5.016
4.979
4.653
4.846
4.574
4.329
4.584
5.33
5.495
5.477
5.129
5.691
5.971
7.3
6.183
6.824
7.43
7.71
7.36
7.36
7.98
8.12
7.03
8.01
7.21
7.38
6.824
7.56
8.13
7.58
8.31
8.3
6.465
6.664
7.58
8.41
7.66
7.88
6.418
7.04
6.956
7.69
7.63
7.55
7.17
6.989
6.698
7.28
7.25
6.537
7.71
7.66
6.172
6.079
6.379
6.15
7.53
6.823
6.661
6.928
6.934
6.254
6.49
6.183
6.359
6.777
7.77
6.476
6.032
6.452
6.402
6.509
6.687
6.685
6.048
6.283
6.654
6.152
5.972
6.574
6.222
5.659
6.203
6.648
6.009
7.03
6.83
6.484
7.41
6.55
6.087
5.767
5.917
7.1
7.02
7.11
6.865
6.847
5.898
6.726
7.33
6.659
6.533
6.84
6.223
6.712
6.509
7.14
6.629
7.15
7.51
7.58
6.264
6.427
6.733
6.934
7.24
6.521
7.53
7.54
7.53
7.24
7.33
5.562
6.128
6.573
6.78
6.488
6.612
7.73
7.09
6.263
6.335
6.853
5.786
5.986
5.621
5.881
5.471
5.325
5.883
5.037
4.532
4.022
3.839
3.351
3.947
4.231
3.951
3.884
3.659
3.093
3.375
3.362
3.391
3.641
3.908
4.245
4.67
4.284
4.186
3.921
3.889
3.88
4.537
4.425
4.257
3.875
3.86
3.939
4.263
4.397
4.144
4.116
4.15
3.975
3.665
3.367
3.523
3.248
2.808
2.764
3.098
2.839
2.932
2.934
2.828
2.634
2.729
2.936
2.948
3.077
3.191
3.066
3.173
2.913
3.397
3.472
3.231
3.365
3.046
3.332
3.236
3.066
2.595
2.694
2.862
3.035
2.943
2.994
2.718
2.735
2.569
2.27
2.091
2.118
1.754
2.059
2.242
2.188
1.886
2.306
2.535
2.757
2.665
2.541
2.182
2.454
2.457
2.733
3.084
3.434
3.526
4.326
4.717
4.349
4.232
4.92
4.636
4.715
4.761
4.6
4.491
4.368
3.492
3.867
3.963
3.975
3.793
3.692
3.694
3.941
3.935
3.947
3.67
3.554
3.819
3.569
3.333
3.573
4.084
4.031
4.402
4.634
4.303
4.701
4.689
4.116
4.284
4.715
4.324
4.647
4.161
4.249
4.476
4.365
4.248
4.059
3.866
4.584
4.172
3.992
3.729
4.04
4.675
4.465
3.797
4.778
3.779
4.082
4.59
3.962
4.526
4.046
4.424
4.566
4.268
4.549
4.774
4.7
5.61
5.417
5.929
5.825
6.345
5.996
5.488
5.629
4.564
5.074
5.785
6.011
5.097
4.318
5.859
5.207
5.206
5.319
5.118
4.773
4.365
4.309
4.63
4.646
4.556
4.71
4.119
4.844
3.568
4.788
4.755
4.127
4.177
4.843
4.29
3.81
4.571
3.889
3.802
4.14
4.761
4.626
4.543
4.297
4.037
3.326
3.899
4.256
3.361
4.013
4.053
2.893
3.927
3.37
4.211
4.228
3.939
3.887
3.226
3.703
3.741
3.801
4.466
4.181
4.832
4.743
4.863
3.087
5.168
3.951
4.861
3.584
4.444
5.082
4.483
3.753
3.307
4.034
3.718
3.641
3.45
4.17
3.648
3.772
3.736
4.12
3.408
3.668
3.349
2.525
3.055
2.67
2.266
2.828
2.525
2.522
2.389
2.874
3.108
2.456
2.333
2.327
1.975
2.241
1.807
2.326
1.554
1.933
1.588
1.175
.106
.02
.094
.652
.694
.542
.826
1.158
1.495
2.886
8.5
16.65
17.6
13.1
7.29
5.035
4.114
3.157
2.817
1.783
3.871
3.178
3.634
4.346
3.298
4.15
5.978
5.88
3.908
3.024
2.26
1.74
1.311
2.444
2.17
1.986
2.373
2.404
2.95
2.638
2.667
2.698
2.906
3.224
3.164
3.306
3.463
3.776
4.183
5.118
5.186
5.315
5.321
5.06
4.636
4.254
4.782
4.416
4.166
4.162
4.226
4.152
4.516
4.419
4.273
3.79
4.074
3.848
4.3
4.304
5.271
4.944
5.629
6.434
7.02
6.802
6.142
6.251
5.685
5.785
5.438
5.378
4.869
4.812
5.401
5.794
4.714
5.119
4.819
4.354
4.558
5.275
4.939
4.167
4.196
3.752
3.189
3.089
3.204
3.031
3.374
3.293
3.326
3.377
3.712
3.312
3.57
3.393
3.503
3.438
3.398
3.408
3.705
3.751
3.594
3.481
3.444
3.21
3.638
3.96
3.593
2.897
2.655
2.5
2.339
2.295
2.488
2.532
2.8
2.659
3.203
3.223
3.351
3.092
3.025
2.488
2.202
2.426
2.45
2.406
2.526
2.582
2.453
2.25
2.281
2.039
1.717
1.316
.938
.76
.601
.163
.579
.456
.243
.843
1.67
2.258
2.837
2.66
2.349
2.271
2.266
2.154
2.173
1.838
1.885
1.914
1.905
1.919
2.025
1.998
1.973
1.611
1.688
2.586
2.153
2.396
2.409
2.521
2.761
3.208
3.238
2.912
3.288
3.703
4.382
3.648
4.043
4.396
4.314
3.985
4.609
3.634
3.869
4.322
2.971
2.977
3.328
3.181
3.299
2.401
3.086
3.291
3.006
3.083
3.193
3.889
3.509
3.984
3.601
3.798
3.444
3.455
3.424
3.338
3.135
3.389
2.827
3.915
3.614
3.802
3.956
3.18
3.865
3.746
4.091
3.844
4.292
4.88
3.4
3.86
4.385
4.104
4.919
4.723
5.405
3.866
4.659
5.107
5.916
6.262
5.597
5.813
6.223
5.001
4.712
4.706
4.865
4.959
5.412
4.258
4.726
5.385
5.074
4.687
4.387
4.7
5.007
5.092
5.875
5.951
6.306
5.833
4.677
5.184
4.738
5.414
4.998
6.451
6.232
5.665
6.074
5.978
6.163
6.833
7.4
6.03
6.419
6.318
5.539
4.637
4.757
6.367
5.26
4.873
5.578
5.611
4.516
4.385
5.783
4.581
5.684
5.039
5.193
5.757
5.99
4.5
4.137
3.834
5.364
4.222
3.939
3.537
3.456
3.096
3.09
2.791
2.62
2.734
2.584
2.465
2.342
2.284
2.25
1.8
1.997
2.557
3.24
3.484
3.659
3.649
3.473
3.603
3.963
3.8
4.011
3.915
3.395
3.203
2.138
2.75
3.06
2.472
2.339
1.709
1.864
1.639
1.829
2.066
2.302
2.297
2.031
2.096
2.08
1.932
1.697
1.352
1.629
2.095
2.285
2.567
2.546
2.366
2.31
2.383
2.26
2.752
2.986
3.399
3.2
2.996
3.293
3.654
3.494
3.081
3.062
2.79
3.134
3.758
3.542
3.421
3.528
3.964
4.126
4.126
4.066
4.046
4.543
4.48
4.713
5.112
4.571
4.727
4.597
4.481
4.445
4.375
4.221
4.069
4.007
3.834
3.605
3.718
3.747
4.07
3.986
4.099
3.998
4.337
3.776
4.147
4.061
3.858
3.988
4.194
4.084
3.83
4.158
4.418
4.007
4.258
4.136
4.029
3.934
3.633
3.445
3.492
3.155
3.04
3.3
3.526
3.599
3.337
3.204
3.625
3.244
3.508
3.471
3.759
3.417
3.168
3.296
3.103
3.085
3.032
3.057
3.186
3.051
3.286
3.104
3.127
3.31
3.621
3.52
3.219
3.14
3.138
3.173
3.379
3.083
3.27
3.324
3.386
3.536
3.925
4
4.425
3.981
4.466
4.205
4.244
4.593
4.298
4.802
4.245
4.345
4.795
4.707
4.564
4.708
4.809
5.02
4.648
4.293
3.233
4.585
4.844
4.381
4.612
4.045
4.57
4.206
4.291
4.253
4.768
4.686
4.078
4.961
4.744
4.741
4.174
4.509
4.676
4.54
4.811
4.926
5.021
5.524
5.404
5.117
5.654
6.216
6.25
6.313
5.354
6.731
5.202
5.963
5.127
5.392
5.713
5.644
5.991
5.358
5.451
5.865
5.286
5.136
5.588
6.208
5.494
5.761
5.741
5.268
6.929
5.208
5.006
6.135
4.945
5.497
6.115
5.928
5.391
4.701
5.209
5.137
4.996
4.848
3.242
5.104
4.709
5.542
5.33
3.905
5.249
5.285
3.887
5.336
5.032
2.707
5.023
4.279
3.956
4.656
4.993
3.108
4.784
4.502
4.52
4.072
4.143
4.462
3.953
4.023
3.856
4.499
4.528
4.034
4.206
3.859
2.808
2.782
4.413
3.882
3.366
4.582
3.213
2.822
3.956
3.818
2.907
3.465
2.768
2.232
1.925
2.388
2.168
1.373
1.683
2.064
1.803
1.716
1.86
1.837
2.008
1.56
1.713
1.455
1.184
.957
.418
.16
0
0
.161
2.985
3.555
3.585
4.801
4.289
3.929
4.221
3.664
3.401
3.404
3.458
3.458
3.658
3.452
3.151
3.032
2.96
3.109
3.34
3.48
3.855
4.284
4.044
4.016
4.105
3.79
3.408
3.468
3.154
3.652
3.629
3.634
3.75
3.563
3.746
3.824
3.993
4.141
4.092
4.131
3.846
3.398
3.514
3.573
3.157
3.117
2.922
2.982
2.877
3.172
3.265
3.238
3.333
3.728
3.483
3.868
5.097
5.578
7.34
6.524
5.706
7.8
7.98
9.08
10.98
9.15
5.723
4.046
5.439
6.966
6.002
5.486
4.751
4.915
4.377
4.774
3.556
2.678
2.567
2.683
2.45
3.283
2.77
2.767
3.564
3.926
3.372
3.445
3.41
2.691
2.794
3.287
3.396
4.139
6.5
9.72
10.38
11.17
11.12
10.08
10.9
9.41
8.8
8.19
8.08
8.73
9.27
9.02
11.43
11.83
11.81
10.28
9.77
10.21
9.93
8.6
8.13
7.88
8.21
8.18
8.81
8.17
8.68
8.44
8.37
8.68
8.25
7.76
7.95
7.89
7.44
7.97
8.14
7.56
8.68
7.86
7.63
6.708
6.63
6.312
6.445
7.38
8.13
7.03
6.889
6.718
7.4
8.01
7.68
7.23
6.615
7.34
6.938
8.06
6.211
7.08
7.18
7.72
7.46
7.77
7.28
7.18
7.6
6.575
6.906
7.6
7.79
7.61
8.32
7.83
7.61
8.07
8.2
7.78
7.84
7.48
7.77
7.27
6.36
7.73
7.01
6.766
7.25
6.909
6.543
7.02
7.23
5.912
6.52
7.57
8.42
6.282
6.811
7.27
6.923
6.994
6.453
6.974
5.737
6.501
6.688
5.811
6.585
6.346
5.654
5.683
6.124
6.037
5.464
6.163
5.077
4.493
4.874
5.116
4.453
5.13
4.729
5.324
5.496
4.128
4.601
4.77
4.096
4.705
3.555
4.866
4.219
3.768
4.518
4.371
4.512
4.445
4.122
4.065
4.755
4.4
4.565
4.752
3.036
4.199
3.407
3.083
3.083
3.46
2.626
3.322
2.383
2.758
2.475
2.634
3.009
2.319
2.173
3.198
2.398
1.839
2.052
1.085
2.186
2.381
2.986
2.462
2.711
2.455
2.348
2.222
2.228
1.903
2.328
1.981
2.029
1.795
1.499
2.38
1.841
1.877
1.99
1.819
1.746
1.81
1.493
1.613
1.431
1.416
1.364
1.347
1.268
1.193
1.107
1.091
1.236
1.357
1.544
1.426
1.484
1.463
1.338
1.373
1.388
1.262
1.435
1.346
1.224
1.165
1.077
1.157
1.372
1.489
1.443
1.461
1.566
1.378
1.418
1.416
1.425
1.474
1.357
1.442
1.522
1.481
1.626
1.862
1.702
1.913
1.811
1.888
1.901
2.156
2.372
2.099
2.064
2.175
2.029
1.99
1.967
1.999
1.891
2.109
2.289
2.276
2.16
2.259
2.176
2.218
2.295
2.077
2.315
2.345
2.418
2.313
2.395
2.433
2.399
2.288
2.413
2.168
1.985
2.279
2.465
2.369
2.216
2.304
2.453
2.228
2.279
2.42
2.522
2.463
2.51
2.547
2.485
2.423
2.552
2.398
2.401
2.227
2.39
2.077
2.221
2.184
2.006
2.198
2.529
2.556
2.404
2.454
2.157
2.288
2.146
2.087
2.167
2.351
2.29
1.865
2.23
2.583
2.478
2.601
2.551
2.775
2.397
2.575
2.597
2.825
3.017
3.312
3.42
3.223
3.131
3.205
3.485
3.437
3.004
2.614
2.611
2.34
2.326
2.157
2.194
2.245
2.119
2.041
2.461
2.662
2.496
2.296
2.519
2.45
2.263
1.991
2.222
2.213
2.135
1.849
2.575
2.229
2.253
2.47
3.227
2.811
2.459
2.513
3.265
3.276
2.53
3.593
5.025
4.421
4.201
4.091
4.12
4.297
3.994
3.735
3.119
3.233
3.247
3.097
3.971
3.54
3.344
2.864
3.663
3.647
3.224
3.514
3.596
4.274
4.607
3.426
3.67
3.017
3.78
3.73
3.579
3.606
4.124
4.083
3.909
4.911
4.219
4.598
4.277
4.039
4.094
4.605
3.789
5.407
4.169
4.517
4.949
4.157
3.855
4.114
5.077
3.567
4.221
4.128
4.077
4.753
4.158
3.606
4.865
3.833
4.716
3.865
4.833
3.855
4.678
3.795
3.757
5.12
4.315
4.33
4.272
3.134
3.499
4.557
3.703
3.309
4.121
4.157
3.76
3.695
4.299
4.059
3.669
4.093
4.382
3.559
4.196
3.969
4.402
3.63
4.554
3.737
3.73
4.656
3.957
3.922
3.621
3.685
4.092
4.206
3.965
4.5
4.861
3.85
4.247
4.55
4.476
4.19
4.93
4.688
4.866
4.577
4.388
3.96
3.981
3.487
3.74
3.405
3.568
2.997
3.184
2.835
2.656
2.59
2.898
2.737
2.794
2.696
2.54
2.319
2.314
2.472
2.547
2.725
2.8
2.945
3.007
3.059
3.019
3.041
3.047
3.014
3.021
3.175
3.17
3.144
3.4
3.545
3.884
3.425
3.377
3.386
3.129
3.037
3.143
3.457
3.466
3.539
3.66
3.725
3.788
4.04
3.683
3.843
3.921
3.744
3.825
3.497
3.534
3.58
3.63
3.339
3.887
3.469
3.652
3.679
3.441
3.269
2.96
3.226
3.829
4.004
4.235
4.287
4.135
4.121
3.874
3.84
3.71
3.874
4.095
4.318
4.236
4.537
4.783
4.379
4.444
3.888
3.798
3.962
4.126
4.08
4.068
4.07
4.366
4.012
4.189
4.276
3.52
3.216
3.402
3.59
3.303
3.471
3.296
3.273
3.284
3.55
3.11
3.186
3.109
3.208
3.65
3.584
3.746
3.635
3.727
3.792
3.703
3.642
3.978
3.562
3.606
3.123
3.081
3.112
3.108
3.011
3.028
3.324
3.447
3.592
3.68
3.664
3.326
3.45
3.415
3.429
3.748
3.648
3.522
3.555
3.657
3.84
3.852
3.618
3.505
3.509
3.44
3.071
3.052
2.975
2.834
2.562
2.559
2.499
2.363
2.349
2.582
2.664
2.944
3.242
3.369
3.287
3.622
3.89
3.845
3.952
4.605
4.597
4.986
5.202
6.3
5.605
5.451
6.058
6.049
4.933
5.37
5.904
6.914
6.128
6.52
6.486
6.397
6.688
5.821
5.544
6.283
5.456
6.117
6.449
5.79
6.123
6.155
5.993
5.459
5.816
5.84
5.387
4.979
4.874
5.522
4.532
4.421
4.975
4.431
3.652
4.453
3.726
4.037
3.461
3.816
4.362
4.341
4.013
4.616
4.634
3.918
4.052
3.935
3.639
4.53
4.238
4.043
4.13
3.744
3.629
3.181
3.89
3.808
3.516
3.481
3.645
2.858
2.99
2.598
4.059
3.73
3.542
2.973
3.993
3.1
3.457
3.936
3.857
3.738
3.366
3.931
3.547
3.166
3.519
3.371
4.203
4.569
4.052
3.19
3.201
2.896
4.053
3.459
2.582
1.844
3.389
3.595
3.409
3.246
2.411
1.959
3.979
3.269
2.559
2.564
2.789
3.446
4.145
2.713
2.599
3.043
2.578
2.569
2.661
2.204
2.426
2.607
2.15
2.282
2.681
3.109
3.244
4.246
3.674
3.411
3.162
2.955
2.823
2.731
2.576
2.271
2.466
2.619
2.769
3.335
3.208
3.616
3.266
2.958
2.951
2.846
3.063
2.936
2.846
2.885
3.209
3.262
3.186
3.487
4.311
4.193
4.148
3.536
2.926
3.559
3.692
3.576
3.973
3.913
4.116
3.821
3.515
3.336
3.775
4.168
3.899
3.724
3.553
3.074
3.041
2.999
2.914
2.406
2.145
2.042
2.087
2.132
2.199
2.301
2.356
2.413
2.35
2.199
2.244
2.593
2.574
2.443
2.554
2.405
2.235
2.326
2.398
2.316
2.454
2.782
2.352
2.18
1.899
1.895
2.296
2.637
2.691
2.469
2.625
3.107
3.016
2.834
2.591
2.741
2.773
3.01
2.782
2.512
2.658
2.588
2.527
2.684
2.611
2.647
2.655
2.478
2.564
2.23
2.227
2.326
2.366
2.481
2.424
2.642
2.485
2.325
2.542
2.543
2.293
2.084
2.216
2.114
1.929
2.075
2.045
2.104
2.257
2.284
2.217
2.174
2.118
2.045
2.046
1.925
2.297
2.317
2.083
2.037
.707
1.41
.622
1.127
.602
.909
1.368
1.047
.167
.155
.568
.995
1.075
1.554
1.541
.962
1.211
1.516
1.472
1.447
1.616
1.757
1.96
1.351
1.642
1.807
2.03
2.319
1.815
1.489
1.161
1.785
2.119
2.547
2.304
3.202
3.193
3.275
2.884
3.71
4.115
3.844
3.774
3.765
3.564
3.822
3.784
3.506
3.7
4.014
3.662
4.239
4.403
4.546
4.607
4.455
3.883
3.84
4.195
4.599
4.155
4.93
4.294
4.135
3.454
4.05
2.868
3.413
2.281
3.024
2.801
1.707
2.913
2.596
2.198
2.96
3.176
2.059
3.155
3.402
2.403
2.346
2.696
3.156
2.556
2.922
1.77
2.199
1.782
2.317
2.854
2.336
1.926
3.395
2.124
3.166
3.404
2.966
4.41
2.775
3.219
2.021
3.682
2.747
2.751
3.077
3.546
2.947
4.024
3.003
2.969
2.714
3.772
2.327
3.003
3.403
2.776
3.566
2.032
2.68
2.238
1.991
3.787
2.838
2.807
1.914
2.531
2.85
3.188
2.499
2.098
2.733
2.041
1.452
3.345
3.126
2.983
1.775
2.032
2.428
2.232
2.258
2.096
2.703
2.006
2.572
2.68
2.383
2.349
3.021
2.819
2.382
2.634
2.087
1.73
2.068
1.732
.953
1.603
1.609
1.555
1.104
1.294
1.242
1.438
1.353
1.935
3.43
2.77
2.339
2.017
2.301
2.562
2.631
2.806
2.862
2.739
2.506
2.468
2.738
2.691
3.031
3.083
2.711
2.378
1.899
2.157
1.593
1.801
1.808
1.813
2.257
2.551
2.167
2.347
3.019
3.247
3.599
3.108
2.376
2.48
2.89
3.863
6.187
6.202
5.259
4.708
5.291
5.997
6.01
5.387
5.823
6.264
5.652
6.375
5.888
6.799
7.07
6.139
6.33
5.799
5.202
4.17
4.124
3.748
3.234
2.716
2.207
2.359
1.898
1.704
1.357
1.815
2.171
1.925
1.593
1.252
1.885
2.184
3.04
3.249
2.834
3.776
4.31
5.033
5.418
5.193
4.889
4.428
3.228
3.356
3.135
2.459
2.446
2.505
2.706
2.882
2.901
2.762
3.53
3.495
4.019
3.509
3.786
3.778
3.884
3.81
3.769
3.899
3.903
3.865
3.43
3.266
3.422
3.225
3.271
2.956
2.857
2.855
2.556
2.499
2.757
2.622
2.69
3.051
2.188
1.736
1.616
2.006
1.707
1.976
2.011
2.043
2.482
2.179
1.856
1.899
2.097
2.399
2.491
2.169
2.027
1.97
2.189
2.059
2.036
2.262
1.879
1.579
1.92
2.487
1.885
2.031
2.759
2.276
2.666
2.435
1.963
2.003
2.452
2.277
2.416
2.504
2.527
2.672
2.713
2.327
2.387
1.978
1.872
2.558
2.21
2.76
2.644
2.714
2.949
3.282
3.079
2.788
3.106
2.595
3.154
3.06
3.279
3.093
3.27
3.457
3.018
3.338
3.225
2.943
3.464
3.183
3.061
2.756
2.647
2.395
2.189
2.46
2.782
2.895
2.617
2.562
2.827
1.495
1.929
1.131
1.408
1.8
2.361
2.215
2.723
2.885
3.046
2.393
3.536
3.156
2.628
2.883
2.905
2.528
2.687
2.524
1.744
2.92
1.566
2.379
2.3
3.153
2.128
2.164
2.49
3.36
2.002
2.849
1.263
2.131
2.473
3.665
2.818
1.768
2.638
3.262
3.058
3.272
2.507
2.349
3.462
3.515
3.786
2.526
2.98
2.793
3.622
3.075
3.87
3.567
3.143
3.036
2.841
2.866
2.534
2.514
1.33
2.024
4.236
3.877
3.851
3.181
3.114
2.788
2.806
1.81
2.348
3.149
2.83
2.736
3.633
4.845
3.811
4.192
4.359
5.976
7.09
6.764
5.65
5.525
5.531
5.281
4.849
5.427
5.767
5.71
5.472
5.139
5.553
5.558
5.537
5.198
4.692
4.044
3.945
3.7
3.245
3.215
3.052
2.556
2.792
2.831
3.26
3.125
3.155
3.027
2.869
3.194
3.781
3.58
3.948
3.749
4.051
3.8
4.07
4.21
4.617
4.981
4.453
4.037
3.857
3.446
3.144
3.253
3.7
4.045
4.6
4.393
3.711
3.669
3.75
3.95
3.849
3.639
4.003
3.58
3.793
3.818
3.765
3.735
3.852
4.205
4.791
4.916
4.637
4.144
4.234
4.181
4.2
3.965
4.34
3.835
3.722
3.405
3.371
3.258
2.684
2.371
2.205
2.354
2.982
2.832
2.859
2.961
2.851
2.993
2.547
2.354
2.294
2.215
1.905
2.166
1.851
2.087
2.035
2.224
1.537
1.492
1.692
1.79
1.744
1.717
1.547
1.811
1.526
1.357
1.725
1.773
1.501
1.629
1.682
1.428
1.608
1.766
1.766
1.774
1.339
.987
.513
.427
.178
.591
1.092
1.586
1.977
1.788
1.746
1.222
.768
.785
.727
.795
.711
.564
.656
.804
1.037
1.229
.888
.837
.755
.766
.973
1.523
1.716
1.252
1.121
1.121
.607
.691
.592
.61
.724
1.007
.156
.709
.338
.019
.257
.894
1.237
1.486
2.205
2.501
2.901
2.147
1.613
1.635
1.457
1.526
1.415
1.551
1.771
1.977
1.987
2.421
2.085
1.871
1.914
1.64
1.256
1.303
1.78
1.869
1.239
.904
.937
.55
.937
.948
.987
.975
1.008
.535
.473
1.42
1.849
1.4
.838
1.59
1.291
.472
1.529
1.911
2.16
1.994
1.788
1.523
1.658
1.881
.485
.712
.437
1.34
2.424
1.649
1.417
2.515
1.901
1.958
1.321
1.187
1.477
1.731
1.784
1.975
3.046
1.703
2.46
1.045
.867
.97
.991
1.46
1.516
2.303
2.58
1.75
1.161
1.396
2.078
3.892
4.404
3.745
2.542
1.913
1.633
2.382
1.929
1.172
1.698
1.57
1.935
2.647
2.66
1.693
2.857
2.699
2.797
4.064
4.102
4.499
4.118
4.675
4.572
4.516
4.308
4.931
5.045
4.579
5.077
4.571
4.044
2.972
3.221
3.182
3.144
3.316
3.192
2.513
3.063
2.952
2.864
2.788
2.734
2.556
2.446
2.335
2.592
2.621
2.113
2.592
2.362
2.141
1.971
1.69
1.653
2.22
3.164
3.288
2.855
2.88
2.963
3.704
4.282
4.696
4.139
3.331
3.473
3.651
3.721
3.692
3.714
3.643
3.229
3.439
3.272
3.314
2.985
2.551
2.869
2.948
3.179
3.046
3.168
3.135
3.092
2.922
3.045
3.417
3.503
3.508
3.419
3.579
3.65
3.726
4.027
4.244
4.738
4.661
4.716
5.249
4.727
3.795
3.502
3.597
3.763
3.847
3.296
3.358
2.943
2.97
2.131
2.041
6.63
8.24
5.088
5.371
8.07
6.979
6.38
5.938
5.757
4.723
5.288
4.239
4.451
4.181
3.79
3.532
2.899
1.924
2.933
3.738
3.536
3.24
3.283
3.682
3.895
3.389
2.636
2.036
2.279
2.279
1.586
1.656
1.543
1.976
2.037
2.017
2.569
2.092
2.274
2.613
2.53
2.563
3.448
3.032
2.651
2.491
2.086
1.937
2.339
3.139
3.395
3.724
3.466
2.988
3.236
3.701
3.684
3.013
2.246
2.097
2.014
2.014
1.41
2.645
3.459
8.09
8.34
4.995
8.4
7.35
5.037
4.089
5.757
4.694
5.517
5.063
5.033
4.386
5.143
4.76
4.2
4.316
4.249
4.332
4.305
4.241
4.388
4.718
4.293
4.026
4.624
5.204
5.104
4.99
5.168
5.102
5.284
5.15
4.949
5.077
5.031
5.514
5.472
6.396
6.054
6.715
5.905
6.967
7.72
7.06
7.34
7.22
7.02
6.303
7.59
7.39
7.94
7.77
8.25
8.26
8.46
9.32
7.92
8.73
8.8
9.87
8.88
7.19
8.94
8.86
7.38
8.22
8.43
8.43
8.52
8.5
7.54
8.15
7.67
7.76
6.86
6.973
6.258
7.38
6.626
7.81
7.07
6.366
6.987
6.599
6.737
6.239
5.685
4.899
6.241
5.752
5.896
5.561
5.289
5.645
4.956
4.41
5.043
5.277
4.274
5.632
4.169
4.225
3.339
5.792
3.824
4.275
4.572
4.244
3.978
4.102
3.964
3.57
3.411
2.863
3.2
2.364
3.28
2.554
3.34
3.533
2.661
2.491
2.511
2.589
1.344
.489
.185
.911
1.586
1.209
2.675
3.198
3.217
2.984
7.64
7.95
7.7
6.61
6.753
7.09
6.593
7.06
6.607
6.874
7.01
7.02
6.837
6.427
6.71
6.68
6.301
6.728
6.937
7.12
6.8
5.578
5.902
5.429
5.3
5.904
5.315
5.447
5.244
5.155
6.576
7.72
7.22
7.65
5.413
3.974
4.694
3.821
5.236
4.707
3.435
3.364
3.656
3.133
2.734
2.154
3.833
3.436
3.398
3.406
2.695
2.818
2.542
2.96
3.477
3.219
3.029
2.952
2.791
3.206
2.774
2.726
2.131
3.328
3.42
3.583
3.94
3.896
3.319
3.383
3.443
3.131
3.251
3.218
3.095
3.563
3.159
3.371
3.58
3.226
3.141
3.126
3.259
3.523
3.798
3.452
3.196
3.428
3.28
3.282
2.912
3.56
2.949
3.18
3.386
3.448
3.237
3.32
3.388
4.222
4.177
4.008
4.358
4.735
4.763
4.707
4.821
4.535
4.597
4.376
4.644
4.835
4.889
4.208
4.704
4.399
4.58
4.469
4.1
3.609
3.616
3.048
2.69
2.63
2.641
2.872
2.524
2.635
2.799
3.004
2.796
2.627
2.804
2.548
2.347
1.923
1.894
2.459
2.36
1.861
1.461
1.28
1.09
.9
.267
0
.075
.041
0
0
.192
1.131
1.782
2.134
2.262
1.992
1.672
1.594
1.669
1.929
2.123
2.001
1.969
1.962
2.2
2.393
2.588
2.779
2.929
2.687
2.889
2.847
2.583
2.495
2.368
2.033
2.021
2.148
2.599
2.867
2.865
3.311
3.142
3.226
3.972
3.37
3.037
3.581
2.963
2.99
3.228
3.089
3.234
3.409
2.921
3.552
3.185
3.459
4.003
3.295
3.39
3.463
3.792
3.774
3.02
3.495
3.42
3.855
3.464
3.694
2.681
2.832
3.55
2.969
2.397
2.576
2.768
2.864
2.149
2.749
2.012
2.824
3.775
3.465
3.22
3.072
2.509
2.948
3.687
3.66
3.164
3.751
3.5
3.663
2.556
3.968
3.424
3.424
3.111
3.653
3.431
3.699
3.894
3.71
3.754
3.773
3.597
3.445
4.012
3.383
3.292
3.651
2.438
3.179
3.015
3.481
2.884
2.489
3.417
3.38
3.583
3.55
2.678
2.852
1.994
3.287
3.866
2.417
2.905
2.619
3.24
3.3
3.408
4.148
3.073
3.81
4.077
4.608
4.047
3.62
2.774
3.985
2.981
3.581
3.54
3.983
3.63
2.995
3.635
4.145
4.304
4.241
5.073
5.418
5.102
5.578
5.505
5.09
4.939
5.333
4.92
4.52
3.78
4.075
3.605
4.055
3.879
3.341
3.68
3.313
4.01
3.248
3.384
3.632
3.627
4.088
5.263
4.286
4.223
3.955
3.001
2.843
3.783
4.866
5.075
4.872
4.584
4.012
3.572
3.518
2.864
3.015
3.779
3.571
2.34
2.511
3.067
3.463
1.443
4.001
7.36
6.362
6.821
8.56
7.35
5.906
5.208
6.333
5.986
5.994
6.933
7.03
9.19
7.66
5.788
4.798
4.029
4.486
4.415
4.194
5.14
5.382
4.684
4.82
4.6
3.762
5.543
5.393
6.406
5.113
4.796
5.407
5.784
5.472
6.405
6.334
4.822
4.741
4.701
4.63
4.094
4.833
4.269
3.826
3.681
3.426
3.759
3.671
3.752
3.758
3.545
4.016
4.417
4.048
3.73
3.708
3.437
3.976
3.83
3.977
4.429
4.295
4.491
3.98
4.004
3.889
4.118
4.04
3.616
3.272
2.941
2.779
2.621
2.228
2.256
2.885
2.547
2.817
2.914
2.547
2.723
3.197
2.904
2.826
3.271
2.802
2.895
2.478
2.595
2.676
2.696
2.603
2.723
2.723
2.615
2.736
2.831
2.884
3.185
3.036
3.183
2.831
2.854
2.868
2.734
2.539
2.58
2.506
2.465
2.206
2.113
2.589
2.755
2.782
2.587
2.67
2.677
2.711
2.434
2.589
2.577
2.801
2.674
2.581
2.53
2.39
2.29
2.683
2.773
2.994
3.262
3.213
3.483
3.437
3.67
4.112
4.186
3.761
3.657
4.174
3.564
4.117
3.647
3.896
4.002
4.445
5.2
5.177
5.111
5.117
5.232
4.624
4.578
5.326
5.851
4.683
3.875
4.873
4.908
4.177
4.111
3.848
3.847
3.723
3.542
3.824
3.534
3.972
2.884
2.85
2.361
3.101
2.564
3.489
2.543
2.517
2.859
2.211
2.297
1.976
1.959
1.949
1.712
1.801
1.911
1.975
1.352
1.641
.93
1.386
1.847
1.228
1.675
1.672
1.836
1.883
1.357
1.294
1.726
.357
1.36
2.059
1.061
.993
1.24
1.936
1.678
2.043
1.725
.825
1.65
.947
.96
.555
1.378
.456
.804
1.923
2.269
1.383
.848
.908
1.464
3.006
1.727
1.546
1.892
1.815
.244
1.728
.972
.723
1.947
3.05
1.609
2.231
1.584
1.543
2.233
2.647
2.736
2.234
2.684
2.496
2.11
1.68
2.176
3.059
3.064
2.544
2.873
2.071
2.378
2.803
3.096
2.866
2.833
3.649
3.311
2.466
2.661
2.453
2.437
2.593
2.436
2.402
2.249
2.032
1.984
2.039
2.131
2.248
2.306
2.374
2.257
2.295
1.928
2
2.087
2.135
1.894
1.888
1.983
2.202
2.252
2.157
2.373
2.364
2.369
2.567
2.576
2.359
2.48
2.539
3.123
2.623
2.313
2.527
2.703
2.849
2.614
2.828
2.907
2.878
2.923
2.712
2.746
2.854
2.213
1.859
1.898
2.518
1.85
1.687
1.854
1.602
1.066
.615
.455
1.282
1.427
1.155
.986
.366
1.032
1.387
1.121
.884
.427
.175
1.063
1.726
1.828
1.989
2.17
2.219
2.109
1.679
1.766
1.93
2.21
2.13
1.836
2.09
2.272
2.55
2.965
3.049
2.669
2.307
1.929
2.211
2.603
2.803
2.382
2.806
3.325
3.052
2.494
2.866
3.287
3.161
3.609
4.156
4.076
3.721
4.186
4.136
4.283
3.761
3.651
4.423
4.323
3.953
4.047
3.656
3.869
3.692
3.57
3.695
3.487
3.527
3.163
2.697
2.373
2.434
2.327
2.541
2.98
2.991
2.814
2.971
2.885
2.967
3.088
3.266
3.241
2.66
2.978
2.363
2.266
2.615
2.723
3.238
3.244
3.246
3.139
3.157
2.982
3.342
3.692
3.257
3.699
3.555
3.665
4.008
4.342
3.93
4.613
4.558
4.712
4.754
5.174
4.855
5.155
4.774
4.243
5.383
4.526
4.635
3.461
4.114
5.136
3.515
3.895
5.257
4.896
5.045
4.293
4.572
4.189
4.212
4.497
3.801
3.377
3.764
3.779
4.305
3.485
3.69
4.124
3.68
3.725
3.361
4.003
3.737
3.423
4.077
3.427
4.069
4.356
4.157
3.745
3.854
4.18
3.978
3.692
3.49
2.977
3.875
3.69
3.77
3.809
3.976
3.071
4.081
3.625
3.441
3.34
3.558
3.487
3.498
3.634
3.763
3.934
4.39
3.477
3.824
3.87
2.965
3.52
3.479
4.385
3.062
3.931
3.601
3.094
3.888
4.227
3.49
3.788
2.881
3.615
3.546
3.427
3.637
4.203
2.789
4.326
3.701
4.271
3.321
3.473
2.549
3.461
3.558
3.057
3.776
4.226
2.78
3.707
3.275
2.392
3.582
2.596
3.045
3.35
2.682
2.38
2.734
3.418
3.009
3.096
3.215
2.207
2.675
2.755
2.664
2.231
1.994
1.527
1.901
1.906
1.811
1.947
1.768
1.993
1.933
1.823
1.766
1.515
1.513
1.462
1.397
1.417
1.501
1.6
1.445
1.442
1.181
1.072
1.152
1.126
1.36
1.956
1.908
1.767
1.696
1.848
2.086
1.778
2.053
2.165
1.987
2.079
1.912
1.768
1.902
1.921
1.817
1.992
2.015
2.187
2.973
3.043
2.701
2.388
2.091
2.106
2.323
2.398
2.485
2.127
1.949
1.689
2.377
4.192
3.883
3.147
2.95
2.738
2.659
2.865
3.032
2.34
2.05
2.159
1.389
1.785
1.563
1.647
1.664
1.838
2.41
2.777
2.825
3.29
3.124
3.042
3.447
3.821
3.224
3.01
2.423
2.406
2.751
2.229
1.708
2.452
2.858
3.109
3.52
2.89
2.614
2.82
3.538
3.522
3.804
3.98
3.983
3.395
3.22
2.87
2.693
3.135
3.396
3.587
3.454
3.667
2.894
2.973
3.507
3.415
2.787
2.557
2.8
3.037
2.993
3.249
2.757
2.501
2.225
2.104
2.314
2.27
2.637
3.02
3.129
3.339
2.895
2.85
2.551
2.403
2.306
2.458
2.622
2.674
2.442
2.28
2.109
1.698
1.992
2.302
2.511
2.833
2.896
2.583
2.298
2.192
2.225
2.271
2.44
2.467
2.555
2.73
2.388
1.965
2.027
2.176
2.12
2.082
2.069
2.111
2.184
2.424
2.59
2.732
2.955
3.218
3.74
3.472
3.762
3.515
2.948
3.31
3.79
3.931
3.724
4.727
4.445
4.716
3.964
4.755
4.852
4.259
4.405
4.451
4.892
4.75
4.182
4.478
4.449
3.847
4.123
4.285
4.169
4.189
5.253
4.443
4.082
4.725
4.286
4.701
4.525
4.357
4.397
4.397
4.423
4.4
4.115
4.052
4.1
3.901
4.581
4.378
4.165
3.909
3.777
4.685
3.959
4.572
4.392
5.248
5.093
5.18
4.702
4.434
4.763
4.317
4.018
4.717
4.942
6.508
5.506
5.622
5.688
6.893
6.177
6.609
6.602
5.835
6.411
5.937
6.46
5.97
6.181
5.974
5.152
6.214
5.875
5.817
5.867
6.524
6.946
5.002
6.595
5.24
6.099
6.168
5.735
5.363
5.57
4.206
5.59
4.894
5.044
4.548
4.55
5.272
4.36
4.315
4.594
4.451
4.123
4.766
4.282
4.692
4.486
3.773
3.738
3.88
4.482
4.275
4.778
3.663
3.073
3.411
3.387
3.347
3.255
2.583
2.342
2.12
2.593
1.971
1.746
1.608
1.567
1.52
1.772
2.011
2.183
2.003
1.877
1.674
1.466
1.881
2.149
2.308
2.545
2.647
2.417
2.388
2.52
2.212
2.442
2.594
2.61
2.518
2.508
2.664
2.646
2.744
3.132
3.251
3.231
3.382
3.421
3.567
3.874
3.556
3.341
3.256
3.17
3.224
3.388
3.4
3.601
3.578
3.377
3.23
3.335
3.521
3.269
3.304
3.203
3.318
3.356
3.735
3.569
3.351
3.591
3.94
3.755
3.273
2.571
2.017
2.133
2.882
2.975
2.942
3.545
3.143
3.257
2.538
2.752
2.95
3.221
2.993
2.262
1.928
1.452
1.696
2.081
2.595
2.84
2.52
2.127
1.732
1.488
1.444
1.295
1.35
1.886
2.253
2.611
2.448
2.233
2.448
2.684
2.827
2.979
3.01
3.239
3.139
3.205
2.851
2.857
2.883
3.007
2.73
2.283
2.354
2.72
2.827
2.811
2.785
2.8
3.078
3.011
2.872
2.97
2.991
2.851
2.77
2.69
2.81
2.744
2.685
2.882
3.097
3.328
3.564
3.868
3.792
3.635
3.587
3.612
3.669
3.835
4.021
4.064
4.067
4.291
4.182
4.235
4.033
4.144
4.455
4.329
3.943
4.009
3.714
3.457
3.659
3.612
3.292
3.222
3.418
3.489
3.519
3.201
2.824
2.523
2.64
2.314
2
1.947
1.977
2.094
2.394
2.273
2.457
3.095
2.964
3.539
3.591
3.616
4.342
4.689
5.822
5.858
5.904
6.414
6.671
7.26
6.512
6.721
6.057
6.213
6.704
6.218
5.467
6.079
6.279
6.346
5.853
5.7
5.253
5.235
5.055
5.959
5.564
5.408
5.299
4.903
5.331
5.218
5.528
5.115
5.659
4.987
5.135
4.521
5.319
4.467
4.846
4.871
4.932
4.982
4.124
5.357
4.241
4.25
4.664
4.832
5.485
5.891
6.126
6.219
5.979
6.008
5.451
5.353
5.242
5.534
5.512
4.984
4.582
4.805
4.937
4.858
4.827
4.079
5.287
5.47
5.249
5.68
5.455
5.368
6.024
5.396
4.834
4.801
4.192
4.165
4.762
4.792
4.962
4.434
3.706
3.638
4.404
3.987
3.489
4.002
4.063
5.343
4.102
4.145
4.647
4.316
3.986
4.719
4.739
4.378
4.198
3.789
4.165
3.423
3.509
3.855
3.099
3.287
2.932
2.88
2.375
1.867
1.934
1.474
1.409
1.315
1.434
1.229
1.567
2.069
2.033
2.304
2.479
2.466
2.585
2.303
2.113
1.967
1.988
2.143
2.272
2.178
2.057
1.862
1.875
2.035
1.93
1.884
1.885
1.695
1.646
1.392
1.777
2.338
2.387
2.512
2.376
2.635
2.427
2.225
2.165
2.316
2.229
2.355
2.155
2.286
2.194
1.991
1.879
1.557
1.355
1.757
2.099
2.439
2.485
2.273
2.056
2.244
2.638
2.476
1.972
2.429
2.36
2.489
2.471
2.533
2.316
2.158
2.256
1.953
2.366
2.05
2.04
2.132
2.398
2.29
2.191
1.908
1.773
1.609
1.447
1.273
1.154
1.013
1.122
1.03
.708
.624
.647
.669
.893
.926
.841
.972
1.164
1.221
1.316
1.22
1.321
1.426
1.45
1.344
1.37
1.473
1.726
2.045
1.839
1.977
2.133
2.214
2.451
2.585
2.703
2.638
2.324
2.059
2.097
2.222
2.255
2.235
2.076
2.141
2.317
2.461
2.735
2.711
2.688
2.752
3.014
3.03
3.156
3.341
3.41
3.607
3.668
3.74
3.635
3.592
3.422
3.171
3.227
3.218
3.118
3.1
3.292
3.181
3.094
2.761
2.717
2.834
2.737
2.789
2.438
2.225
1.82
1.747
1.87
1.903
1.888
2.365
2.457
1.861
1.436
1.187
1.433
1.339
1.162
1.52
1.922
2.415
2.542
2.308
2.308
2.674
2.849
3.715
4.68
4.832
4.788
4.712
5.711
4.347
6.76
5.449
4.537
5.664
6.217
6.317
6.363
4.82
5.412
5.825
5.824
6.489
5.893
6.37
6.752
6.697
6.572
6.079
6.32
5.904
6.274
6.824
5.88
6.306
6.507
6.24
6.349
6.335
5.873
5.946
5.306
5.886
6.449
6.171
6.095
5.559
6.401
6.32
7.23
6.623
6.109
7.01
6.72
6.36
6.51
6.313
7.04
7.28
6.334
7.01
6.666
6.852
6.312
6.408
6.772
6.857
6.074
6.835
5.456
5.998
7.11
5.488
4.598
5.896
5.744
5.245
5.112
5.576
6.322
6.555
5.501
6.538
5.876
5.122
5.122
6.562
4.901
6.082
5.772
6.23
5.68
5.332
6.48
5.764
4.974
4.681
6.19
4.416
4.843
4.46
6.029
4.424
4.748
5.114
5.072
4.652
4.798
5.444
5.253
5.763
5.929
5.883
4.937
4.68
5.1
4.521
4.771
4.519
3.863
3.572
3.389
3.674
3.292
3.31
3.212
3.152
2.933
2.827
2.942
2.779
2.834
2.862
2.936
3.009
3.01
3.262
3.096
3.324
3.308
3.285
3.267
3.305
3.474
3.45
3.185
3.438
3.192
3.468
3.389
3.356
3.346
3.248
3.162
3.314
3.893
3.725
3.63
3.952
3.681
3.747
3.578
3.122
2.971
3.946
3.418
3.395
3.226
3.366
3.352
2.948
2.799
3.169
2.958
3.65
4.715
4.957
4.633
4.134
3.666
3.766
3.698
3.65
3.592
3.811
3.57
3.767
3.722
3.449
4.183
4.421
3.91
3.822
3.918
3.945
3.934
3.84
3.671
3.586
3.11
2.553
2.415
2.615
2.906
2.776
2.652
2.86
2.922
2.89
2.885
2.543
2.039
1.836
1.695
1.795
2.11
2.357
2.478
2.577
2.832
2.976
3
2.8
2.578
2.431
2.551
2.685
2.655
2.614
2.741
2.944
3.118
3.191
3.185
3.246
3.273
3.116
2.898
2.869
2.694
2.782
2.797
2.779
2.959
2.876
2.973
2.768
2.455
2.294
2.298
2.759
2.936
2.7
2.497
2.641
2.733
2.856
2.863
2.789
2.616
2.759
2.752
2.568
2.334
2.592
2.645
2.532
2.384
2.259
2.319
2.471
2.341
2.182
2.378
2.308
2.298
2.078
2.295
2.036
1.757
1.917
2.073
2.204
2.065
2.369
2.137
2.625
2.563
3.161
2.989
3.703
3.289
3.776
4.661
5.318
5.883
5.908
5.855
5.277
5.629
6.328
7.76
6.292
8.02
8.69
8.11
7.93
7.92
7.47
6.477
7.06
6.844
8.11
7.21
6.675
7.19
7.82
6.762
7.28
6.835
6.097
7.42
6.663
6.199
7.54
7.62
6.624
6.612
6.931
6.903
7.89
7.86
6.102
6.916
7.37
6.521
6.987
6.773
7.23
6.73
7.71
7.1
6.772
7.16
7.29
7.08
7.61
8.28
6.876
7.71
6.505
7.29
6.643
6.371
7.59
6.329
5.751
7.56
5.649
6.393
6.797
6.439
5.659
5.902
5.897
6.429
6.167
6.586
7.32
7.05
6.584
6.393
5.678
5.509
6.706
5.922
5.991
5.592
6.243
6.953
7.29
6.625
5.876
5.846
6.269
5.721
6.387
6.536
5.943
6.833
6.617
6.32
5.731
6.43
5.183
5.335
5.669
5.515
5.511
5.588
5.496
4.966
5.076
6.003
4.962
6.241
5.286
5.829
4.47
4.599
4.329
4.991
4.204
3.911
3.934
4.087
4.947
4.567
4.962
4.689
4.553
4.788
4.64
4.456
4.407
4.789
4.765
4.623
4.849
4.467
4.774
4.775
4.416
4.614
4.568
4.744
4.046
3.967
3.794
3.898
4.563
4.731
5.048
4.978
4.459
4.886
4.846
4.679
4.239
4.112
4.115
4.067
4.023
4.155
4.374
4.182
4.269
4.202
4.386
4.734
4.826
4.767
4.596
5.024
5.241
5.452
5.296
5.4
5.178
5.117
6.08
5.476
5.247
5.435
5.993
5.376
5.21
5.151
5.133
4.96
5.221
4.733
5.464
5.326
5.222
5.459
5.377
5.289
5.203
5.616
5.11
5.21
4.931
5.202
4.8
4.314
4.316
4.547
4.082
4.078
4.195
4.249
4.298
4.216
4.275
3.846
3.573
3.453
3.205
3.481
3.455
3.61
3.479
3.261
3.207
3.357
3.481
3.552
3.602
3.539
3.212
2.949
3.076
2.97
2.845
3.037
2.817
2.282
1.99
2.444
2.309
2.237
2.391
2.523
2.702
2.672
2.768
2.714
2.812
3.514
3.64
3.464
3.775
3.322
3.337
3.127
3.014
3.017
2.953
3.287
4.499
4.822
4.976
4.432
3.814
5.113
5.691
5.601
4.839
4.908
5.577
4.35
4.415
4.58
3.998
4.244
4.342
3.86
3.748
4.235
4.415
3.88
4.106
4.553
4.283
4.44
3.959
4.188
4.36
4.328
4.606
5.064
5.37
4.775
4.258
4.223
5.278
4.145
3.678
4.34
4.163
4.15
4.117
3.625
3.673
3.976
3.893
3.879
4.028
4.572
3.939
3.887
4.621
4.365
3.93
4.104
3.815
2.786
2.209
1.848
1.744
1.983
2.693
2.18
2.555
1.499
2.577
.811
.811
1.116
1.631
2.152
2.673
1.637
1.123
1.415
.2
1.358
1.45
1.781
1.39
.195
.342
.223
.235
1.257
1.944
.635
1.846
1.48
1.457
.591
.417
1.459
1.387
.519
.619
.06
.294
.602
1.046
2.22
1.94
1.873
1.717
1.48
1.227
1.247
1.265
.911
.706
1.349
1.336
2.722
2.725
3.102
4.505
4.015
3.432
4.592
4.814
2.324
2.068
2.644
2.912
3.498
3.88
3.922
2.557
2.83
2.784
2.69
2.317
2.445
2.626
2.338
3.05
2.765
2.608
2.851
2.259
2.803
2.372
2.589
1.862
1.635
1.894
2.389
1.796
1.921
2.29
2.43
2.848
2.537
2.741
2.621
2.338
2.364
2.229
1.806
1.859
1.45
1.014
.279
.492
1.286
1.316
1.297
1.311
1.303
1.433
1.503
1.227
1.083
1.154
1.208
1.225
1.4
1.382
1.123
.906
1.053
1.118
1.168
1.403
1.584
1.532
1.77
3.792
4.098
3.2
2.944
2.766
2.428
2.08
2.187
1.662
1.866
1.471
1.424
1.83
2.025
1.867
2.48
2.528
2.927
2.995
2.415
2.302
2.52
2.603
2.748
2.784
3.567
3.569
3.482
3.643
3.514
2.988
3.13
3.133
3.408
4.236
3.934
3.453
2.149
1.701
1.707
2.112
2.273
2.268
2.209
3.471
3.975
4.15
3.853
2.236
1.581
1.944
2.113
1.815
1.974
1.797
.968
.685
.621
.226
.821
.886
.409
.132
.608
.902
1.063
.841
.122
.22
.265
.67
.915
1.125
.718
.234
.738
.299
.022
0
.214
.021
.332
.228
.779
1.655
2.084
2.611
3.37
3.21
2.546
2.221
2.297
2.205
2.458
3.072
3.016
2.831
3.166
2.489
2.846
2.541
2.639
2.422
2.375
2.746
2.877
2.845
2.667
2.919
2.471
2.181
2.086
2.023
1.869
1.649
2.232
2.077
2.089
2.464
2.426
2.734
2.966
2.519
2.229
2.564
2.756
2.928
3.314
2.799
2.636
2.378
2.555
2.389
2.409
2.314
1.856
2.088
2.743
3.113
3.058
2.908
2.423
1.602
1.898
2.255
2.854
3.032
3.133
3.341
2.671
2.501
2.529
3.688
3.357
3.17
3.201
3.055
3.099
3.267
3.99
3.97
4.538
4.43
4.184
4.422
4.146
3.983
4.104
4.261
4.129
4.368
4.181
3.648
4.513
3.597
3.123
3.389
3.226
2.959
3.243
3.389
3.678
3.344
3.102
4.057
4.578
4.896
5.514
4.35
4.866
4.736
5.634
5.071
5.08
4.864
6.3
7.1
9.58
9.52
9.29
10.32
11.77
9.93
10.97
9.37
9.03
9.41
9.71
8.78
8.17
8.97
9.09
9.31
8.62
8.62
8.57
7.87
8.42
7.27
7.41
6.828
6.899
7.36
7.16
7.14
7.68
7.81
7.55
6.98
8.58
8.07
8.25
8.03
8.01
8.02
7.81
6.813
6.591
6.25
7.28
7.31
6.823
7.53
7.31
8.35
7.56
7.1
8.57
7.37
7.42
6.659
6.1
6.623
5.69
6.639
6.541
6.569
6.492
5.431
5.515
5.589
5.17
4.635
5.788
5.233
5.719
5.591
5.147
5.328
4.942
5.111
4.592
4.833
5.262
4.997
5.406
5.231
5.428
5.366
5.372
5.656
6.06
6.114
5.142
5.002
6.361
6.372
5.772
6.062
6.166
6.185
6.231
6.28
6.045
5.134
5.754
4.944
4.458
4.689
5.373
4.876
4.87
5.131
5.303
4.874
4.795
5.069
4.852
4.701
5.28
5.232
5.299
5.301
5.212
4.836
4.923
5.291
5.237
4.839
4.922
4.816
5.49
5.873
5.405
5.04
4.878
4.656
4.969
4.719
4.827
4.383
5.009
5.18
4.82
4.785
4.515
5.011
4.417
4.219
4.491
4.265
5.261
5.269
6.066
5.828
5.812
5.148
5.604
5.757
6.437
6.147
5.537
5.325
5.377
5.065
4.816
4.893
4.189
4.408
4.175
4.256
4.706
5.118
5.808
5.333
4.817
5.085
4.858
4.661
4.412
4.301
4.484
4.544
3.883
4.357
4.268
4.437
4.624
5.058
4.757
4.761
4.682
4.292
4.848
4.696
4.845
4.162
4.376
3.783
3.933
3.614
4.078
4.271
4.353
4.395
4.708
4.725
5.244
5.567
5.579
5.142
4.418
5.338
4.886
5.727
5.825
5.217
5.133
5.51
5.073
4.917
4.934
4.562
5.052
4.55
4.537
4.829
4.787
4.943
5.497
4.978
4.766
4.515
5.587
5.222
5.422
5.245
6.373
6.061
5.95
6.465
6.976
6.783
6.585
6.7
7.38
7.78
7.5
7.62
6.295
7.16
7.44
7.51
7.3
5.56
6.648
6.575
6.665
6.783
7.59
6.577
6.851
6.518
7.48
6.58
5.068
5.936
5.634
7.37
7.38
7.36
6.864
6.489
6.054
5.804
6.389
5.465
5.406
7.16
5.703
6.947
6.199
6.078
5.344
6.667
6.944
6.267
6.008
6.241
5.855
4.837
4.987
5.756
7.45
5.906
7.19
6.788
6.201
6.195
6.428
5.68
5.54
4.474
4.448
3.943
4.593
4.96
4.565
4.516
4.542
3.959
3.507
4.124
3.714
3.771
3.545
4.008
4.425
3.883
3.486
3.492
2.793
2.579
2.509
2.839
2.987
2.609
2.148
2.036
2.041
2.149
2.328
2.278
1.537
1.306
1.538
1.988
1.655
1.44
1.307
1.186
1.269
1.2
1.04
1.052
1.076
1.053
.824
.41
.288
.219
0
0
.063
.128
0
0
0
0
0
0
0
0
0
.046
.081
.268
.327
.051
0
0
0
0
0
0
0
0
0
0
.012
0
.142
0
0
0
0
0
0
0
0
0
0
0
.29
.402
.511
.414
.466
.531
.636
.621
.679
.678
.526
.535
.515
.477
.405
.454
.477
.385
.5
.591
.57
.433
.414
.451
.422
.406
.716
.844
.96
.971
1.058
1.123
1.326
1.352
.931
1.328
1.165
1.157
1.268
1.218
1.294
1.629
1.406
1.509
1.493
1.426
1.134
1.538
1.483
1.706
1.292
1.68
2.386
2.248
2.287
2.181
2.008
2.174
2.538
2.621
2.093
2.344
2.531
2.191
2.391
2.319
2.275
2.452
2.51
2.175
2.308
2.009
1.997
2.606
2.558
2.516
2.114
2.853
2.427
2.538
2.777
2.732
2.78
2.828
3.295
2.765
2.742
2.823
2.215
2.394
2.509
2.617
2.501
2.188
2.125
1.924
2.204
2.157
2.074
2.138
2.02
2.315
2.19
1.895
1.942
2.006
1.885
2.187
2.441
2.705
2.998
2.863
2.92
2.583
2.635
2.973
2.833
3.234
4.122
3.414
3.529
2.746
3.629
4.561
3.769
3.667
3.983
3.274
3.948
3.117
3.676
4.402
3.822
4.726
4.645
4.144
4.592
4.318
4.664
4.188
4.198
4.077
3.967
3.641
3.765
3.665
3.307
3.374
3.055
3.281
3.396
2.941
2.985
3.16
2.252
2.674
2.333
2.632
2.509
1.822
1.844
1.891
2.817
1.809
2.113
1.712
1.909
.987
1.418
1.846
2.671
.902
1.946
3.009
2.196
1.546
2.016
1.579
1.507
.901
1.087
1.304
1.413
1.223
1.129
.987
.823
1.963
2.296
1.781
1.5
1.574
2.238
1.235
1.104
2.654
.707
.48
2.457
1.724
1.921
2.275
1.336
.788
1.914
1.547
1.06
1.461
2.309
1.962
2.419
2.266
.732
1.55
1.649
1.9
1.682
1.197
.501
1.032
1.952
.423
.611
.251
.789
.726
1.117
1.403
1.934
1.536
1.062
1.296
1.388
.211
.801
.919
.667
1.696
1.494
.988
.885
.857
.718
.691
1.021
1.085
1.215
1.548
1.316
1.319
1.2
1.575
1.774
1.595
1.401
1.434
1.618
1.586
1.585
1.891
1.804
1.768
2.089
2.003
1.989
2.042
2.541
2.502
2.214
2.123
1.886
1.971
2.031
1.771
1.64
1.801
2.055
2.006
2.124
1.673
1.603
1.643
1.531
1.613
1.88
1.739
1.648
1.695
1.592
1.761
1.988
2.033
2.2
2.077
2.03
2.008
2.078
2.063
1.887
1.99
2.166
2.191
2.183
2.07
2.22
2.396
2.608
2.424
2.375
2.724
2.732
2.529
2.742
2.933
2.968
2.849
2.892
3.008
3.281
3.232
3.158
2.887
2.954
3.317
3.071
2.784
2.812
3.215
3.035
2.704
2.752
2.895
2.783
2.732
2.764
2.732
2.704
2.6
2.69
2.864
2.821
2.667
2.839
2.593
2.701
2.673
2.688
2.671
2.376
2.228
2.238
2.256
2.327
2.35
2.391
2.295
2.369
2.119
2.335
2.2
2.252
2.045
1.753
2.177
2.199
2.287
2.465
2.055
1.625
1.191
1.349
1.69
1.87
1.861
2.032
1.964
1.99
2.195
1.866
2.155
2.285
2.591
2.373
2.458
2.281
2.098
1.909
1.71
1.934
2.075
2.43
2.598
2.729
2.804
2.676
3.013
2.492
2.329
2.255
2.572
2.698
2.608
2.347
2.115
2.122
2.299
2.049
2.652
2.371
1.94
2.044
2.174
2.31
2.068
2.01
2.344
2.195
1.989
2.02
2.249
1.667
2.023
1.782
1.995
2.077
1.918
1.739
1.759
1.673
1.64
1.936
1.745
1.897
1.632
1.582
2.086
1.725
1.873
1.764
1.605
1.547
1.565
1.601
1.322
1.157
1.223
1.366
.904
1.714
.61
.725
1.264
2.257
1.518
.705
.369
.87
1.538
1.613
1.428
1.567
1.14
1.702
1.543
.701
.965
1.422
2.229
1.132
2.02
1.324
1.126
1.986
1.94
2.504
1.439
1.218
1.003
.781
.665
2.225
2.387
2.068
.484
1.227
1.091
1.329
1.597
1.41
1.268
1.895
2.085
2.078
1.498
1.317
1.542
.872
1.637
1.263
1.656
1.537
.881
.662
1.348
.87
.371
.76
.346
.203
.927
1.068
.562
1.146
1.432
1.204
1.62
.528
.961
1.564
1.059
1.533
1.634
1.615
1.505
1.053
1.73
1.664
1.531
1.326
1.181
1.222
.884
.617
.697
.792
.878
1.087
1.225
1.353
1.49
1.451
1.163
1.154
1.261
1.21
1.291
1.462
1.445
1.463
1.508
1.54
1.627
1.626
1.718
1.731
1.715
1.73
1.824
1.978
2.2
2.268
2.373
2.352
2.224
2.215
2.197
2.218
2.249
2.392
2.371
2.506
2.36
2.561
2.439
2.525
2.646
2.55
2.46
2.383
2.306
2.394
2.464
2.269
2.08
1.98
2.118
2.194
1.929
1.975
1.757
1.698
1.699
1.731
1.777
1.645
1.573
1.541
1.444
1.445
1.346
1.273
1.41
1.48
1.36
1.1
.939
.873
.923
.853
.685
.587
.53
.571
.652
1.125
1.357
1.367
1.127
1.318
1.647
1.855
1.931
2.192
2.445
2.437
2.316
2.533
2.697
2.777
2.981
2.953
2.766
2.752
2.768
2.641
2.352
2.448
2.502
2.693
2.764
2.669
2.754
2.76
2.786
2.79
2.559
2.626
2.671
2.524
2.325
2.423
2.325
1.95
1.562
1.495
2.477
4.029
4.031
3.188
2.966
3.176
3.365
3.372
3.405
3.23
3.205
3.258
3.447
3.207
2.942
2.933
3.3
3.542
3.516
3.529
3.101
3.003
3.514
3.483
3.179
3.296
3.373
3.058
2.721
2.958
3.305
3.194
3.279
3.111
3.095
3.573
4.002
4.024
3.839
3.816
4.292
4.645
4.091
4.894
4.586
4.96
4.021
5.502
5.249
4.439
4.936
4.648
5.358
4.774
4.948
5.419
5.897
5.873
5.775
5.676
4.691
5.178
6.264
5.889
5.922
5.741
4.691
5.068
5.45
5.065
5.279
4.87
5.021
4.79
4.847
4.819
5.199
5.383
4.914
5.109
4.891
4.977
5.121
4.682
5.34
4.28
4.605
4.279
4.792
4.799
4.696
4.095
5.041
4.801
5.365
5.223
5.202
4.875
4.017
5.019
4.585
4.805
5.132
4.948
4.051
5.329
3.915
4.26
4.168
3.177
3.881
4.539
4.386
4.402
4.256
4.698
4.295
3.995
4.366
4.482
4.658
5.015
4.594
3.44
4.251
3.167
5.021
4.447
3.5
4.083
4.391
4.158
4.182
4.571
3.487
3.473
2.614
4.12
3.987
3.884
3.348
3.754
3.244
4.273
4.318
3.912
3.18
3.586
2.232
3.258
3.096
3.028
2.942
2.703
2.99
3.172
3.14
3.019
2.902
2.696
2.995
2.952
2.982
2.852
2.65
2.792
2.66
2.602
2.631
2.641
2.505
2.434
2.573
2.523
2.387
2.67
2.664
2.787
2.816
2.715
2.605
2.697
2.661
2.587
2.736
2.706
2.499
2.359
2.436
2.624
2.702
2.623
2.557
2.498
2.408
2.34
1.964
2.237
2.084
1.807
2.236
2.679
2.827
2.687
2.493
2.425
2.337
2.164
2.148
2.181
2.127
2.033
2.117
1.866
2.084
2.029
2.038
2.14
2.147
2.274
2.132
2.134
1.897
1.952
1.977
1.853
1.967
2.254
2.147
2.202
2.239
2.379
2.306
2.18
1.926
2.054
2.219
2.368
2.335
2.273
2.247
2.222
1.908
1.809
2.003
1.954
2.036
2.186
2.269
2.199
2.215
2.065
2.306
2.414
2.38
2.376
2.209
2.14
1.919
1.652
1.556
1.499
1.611
1.583
1.521
1.662
1.627
1.51
1.429
1.189
1.033
1.088
1.469
1.546
1.699
1.91
2.141
1.797
2.014
2.295
2.182
2.165
1.986
1.76
1.643
1.721
1.566
2.059
2.085
1.725
1.434
1.51
1.364
1.411
1.855
1.577
1.641
1.646
1.477
1.438
1.52
1.511
1.583
1.474
1.777
1.783
1.748
2.061
2.055
1.918
1.579
1.565
1.314
1.171
1.152
.994
1.04
.938
1.084
.846
.723
.22
.13
.062
.593
.651
.665
.8
1.373
1.139
1.706
2
2.383
2.996
3.735
2.831
4.532
3.787
4.327
3.717
3.665
3.663
3.832
3.753
3.586
3.854
3.467
3.682
3.268
4.08
3.733
3.334
3.378
3.753
3.461
3.322
3.376
3.116
2.785
2.982
2.565
2.683
2.965
2.892
2.983
3.347
2.607
2.702
2.499
3.497
3.757
3.376
3.132
3.682
3.721
4.239
3.801
3.012
2.798
3.622
3.843
3.954
4.654
3.976
4.413
4.18
4.011
3.484
4.819
3.559
3.932
4.875
4.278
3.323
3.134
3.909
3.791
5.111
3.831
4.511
4.841
4.337
3.628
4.508
5.017
3.94
3.966
3.957
4.165
4.775
5.195
4.299
4.68
4.123
4.609
4.881
5.236
4.106
4.109
4.289
4.023
4.387
4.12
3.862
4.423
5.261
4.789
4.399
4.467
4.669
3.516
4.952
3.838
2.944
2.738
2.704
2.94
3.379
3.081
4.263
4.057
3.561
4.057
3.569
3.41
3.87
3.517
2.988
3.234
2.157
2.606
2.664
2.038
1.973
2.031
1.913
1.691
1.595
1.577
1.917
2.151
2.448
2.679
2.827
2.729
2.761
2.824
2.839
3.013
2.924
2.902
2.977
2.833
2.898
2.573
2.599
2.933
3.031
3.22
3.191
2.957
2.946
2.971
2.945
2.902
2.725
2.455
2.763
2.623
2.703
2.582
2.756
2.446
2.156
2.65
2.73
2.676
2.641
2.634
2.56
2.573
3.025
2.618
2.799
2.925
3.004
3.016
2.961
2.889
3.316
3.127
2.64
2.562
2.289
2.609
2.409
2.26
2.289
2.458
2.823
2.889
