4.561
3.928
3.88
4.303
4.764
4.423
4.613
4.342
4.284
4.293
4.743
4.654
4.23
4.452
4.311
4.532
4.56
4.559
4.539
4.508
4.901
4.791
5.088
5.221
5.55
5.554
5.534
5.392
5.559
5.422
5.26
5.221
5.914
5.069
5.066
5.024
4.858
4.899
5.196
5.107
5.155
4.978
5.318
5.014
5.444
5.49
5.162
5.431
5.278
5.172
4.216
4.31
4.477
4.447
4.071
4.465
4.688
5.088
4.947
4.886
5.266
5.312
4.909
5.186
4.703
5.423
5.258
5.049
5.013
4.697
5.125
5.174
5.551
5.882
6.104
6.097
5.893
5.417
4.842
5.131
5.447
5.057
5.018
5.041
5.094
4.762
5.607
5.121
5.328
5.208
4.806
4.703
4.909
4.854
4.213
3.937
3.955
3.928
4.362
4.655
4.931
5.057
4.558
4.859
4.871
4.378
4.399
4.76
4.611
5.001
5.067
6.08
6.062
7.75
6.834
6.771
7.18
7.46
8
7.25
7.78
6.907
7.2
8.13
7.04
7.58
7.01
6.992
7
6.397
6.375
6.101
5.61
6.338
5.488
6.062
5.231
4.923
5.588
5.535
5.131
4.821
5.281
4.52
4.754
5.026
4.9
3.735
3.752
4.162
5.127
4.988
5.122
4.894
3.385
4.443
4.76
3.697
3.846
4.154
3.726
4.035
3.193
2.909
4.434
4.314
4.549
4.819
4.697
4.824
4.849
3.709
4.045
3.95
3.871
4.023
4.679
4.267
4.154
4.796
4.046
3.432
4.736
3.666
4.35
3.772
3.793
4.686
3.288
4.028
4.518
4.303
3.596
4.005
3.205
4.512
2.756
3.049
3.367
3.496
3.205
3.736
2.992
2.987
4.031
4.067
4.19
3.09
3.948
3.841
4.027
3.956
4.023
4.184
3.75
3.266
3.094
3.181
3.233
3.131
3.113
2.991
2.882
2.748
2.832
2.828
2.731
3.119
3.1
2.903
3.305
3.272
2.839
2.523
2.355
2.453
2.442
2.612
2.759
2.786
2.818
3.027
3.213
3.851
4.05
4.113
4.229
4.016
4.054
4.457
4.608
4.286
4.26
3.98
3.904
3.679
3.895
4.499
4.763
4.535
4.646
4.788
4.542
4.147
4.349
4.454
5.243
4.611
4.843
4.585
4.363
4.955
4.836
4.52
4.504
4.488
4.022
3.776
3.497
3.258
3.339
3.466
3.976
3.718
4.032
4.32
4.511
4.875
4.128
3.495
3.328
4.68
4.512
5.291
4.618
5.6
5.694
5.448
5.105
4.942
4.823
4.323
3.909
4.151
4.478
4.56
4.035
3.863
3.776
3.499
3.515
4.063
4.075
3.33
2.921
2.721
2.321
3.094
3.109
3.492
4.504
4.567
3.65
3.622
4.072
3.517
3.169
3.751
3.169
3.029
2.811
3.383
3.675
3.62
3.768
3.887
4.948
4.96
5.02
4.207
3.916
3.458
3.224
3.296
3.985
3.517
3.585
4.033
3.938
3.947
4.931
4.724
4.309
4.234
4.02
4
3.942
4.129
3.778
3.911
4.32
5.05
5.411
4.952
4.085
3.89
3.575
4.371
4.525
4.341
4.39
4.422
4.575
4.583
4.235
4.12
4.257
4.631
4.26
4.251
4.445
4.514
4.858
5.212
5.406
5.672
5.41
4.485
3.927
4.091
4.448
5.104
6.5
6.059
5.743
6.133
6.991
5.973
6.088
6.576
7.64
6.894
6.423
6.718
6.328
7.02
6.995
6.722
6.555
6.13
6.161
6.076
5.381
5.278
6.196
5.737
5.652
5.174
4.871
5.214
4.853
4.963
4.541
4.394
4.038
3.552
4.393
4.161
4.689
4.104
3.543
4.469
3.079
3.625
3.707
3.767
3.516
3.934
3.52
3.327
4.265
3.364
3.563
3.006
2.868
3.008
3.431
3.343
2.617
3.084
3.522
2.045
2.396
2.353
2.728
2.228
1.96
2.007
2.626
2.29
2.134
1.308
2.008
2.123
2.507
2.501
1.325
.543
.932
3.008
1.915
1.346
1.257
2.58
2.012
1.907
.782
1.631
2.065
1.774
.972
1.982
.922
1.051
2.05
2.099
1.189
1.993
2.148
1.885
1.877
1.366
1.695
.291
1.997
1.468
2.038
2.395
2.502
2.463
2.508
2.629
2.507
3.119
2.832
3.264
3.221
2.541
2.252
1.739
1.731
2.362
2.458
2.297
2.52
2.453
2.367
2.802
2.876
2.817
2.424
2.543
3.088
3.394
3.258
3.34
3.466
3.16
2.875
2.6
3.1
3.499
2.556
3.487
3.327
2.784
1.978
1.449
.677
.703
.335
.178
.766
.956
.999
1.073
1.193
.599
.665
.993
1.51
2.015
2.092
2.256
2.573
2.071
1.964
1.934
1.919
2.219
2.048
2.491
2.362
2.187
2.198
2.149
2.072
2.031
2.369
2.591
2.752
2.571
2.518
2.344
2.423
2.403
2.414
2.437
2.42
2.518
2.437
2.643
2.564
2.459
2.842
2.749
3.023
2.945
2.997
3.792
4.282
4.142
3.372
3.348
3.298
3.226
3.489
3.112
2.903
2.841
3.082
2.841
2.867
2.933
2.783
2.861
2.709
2.864
2.954
2.9
2.793
2.898
2.75
2.776
3.061
3.077
2.893
2.658
2.803
2.659
2.99
2.909
2.928
3.118
3.001
3.123
3.088
3.055
3.599
3.538
3.891
3.521
3.311
3.563
3.455
3.804
3.015
2.678
2.735
2.747
2.659
2.436
2.562
2.621
2.256
2.41
2.589
2.561
2.623
2.907
2.93
3.041
3.135
2.928
2.787
3.039
2.988
3.199
2.823
2.893
2.618
2.622
2.686
2.768
2.374
2.403
2.731
2.812
2.956
2.982
2.866
3.491
3.802
3.532
3.971
4.057
4.127
4.287
4.469
4.811
4.835
5.136
5.114
5.395
5.671
5.825
6.633
6.366
6.468
6.142
6.893
6.745
6.644
6.864
6.318
5.874
6.217
6.506
7.27
7.4
6.558
6.914
6.943
6.876
6.642
6.874
6.687
6.737
6.997
6.319
6.814
7.16
6.489
6.313
6.203
7.5
6.821
6.276
7.56
7.01
6.446
6.863
6.689
7.56
6.664
7.38
6.446
6.969
6.633
6.722
6.749
7.42
7.31
6.976
6.767
7.21
6.614
6.787
6.578
6.472
6.705
6.493
6.155
6.28
6.084
6.666
6.084
6.071
6.758
6.421
6.892
5.674
6.437
6.455
5.462
6.247
6.172
5.681
6.171
6.358
5.925
6.06
6.293
6.46
6.45
6.481
5.879
6.27
6.47
6.173
6.184
5.303
5.996
6.417
6.524
6.073
6.519
6.002
5.639
6.382
5.48
5.727
6.006
6.551
5.998
5.948
5.287
5.86
6.053
5.509
4.908
5.289
5.483
4.86
5.084
4.373
5.277
5.094
4.695
5.056
5.232
5.433
4.733
5.041
5.886
5.142
4.647
4.172
4.819
5.098
5.384
4.758
5.03
4.914
5.857
5.572
5.255
4.664
5.038
4.294
3.84
5.176
5.166
4.7
4.928
4.027
5.054
4.886
4.837
4.754
4.58
4.347
5.125
5.248
4.32
4.774
5.218
4.398
4.906
4.818
4.793
4.469
4.973
5.086
5.349
4.864
4.451
5.612
6.272
5.465
5.626
5.137
4.582
4.3
4.969
4.153
4.704
4.325
3.168
3.128
4.153
3.506
4.661
4.375
4.734
4.235
4.034
3.968
4.334
4.675
4.587
4.66
4.791
3.634
4.06
3.647
4.035
3.842
3.319
3.873
3.33
3.175
3.382
3.056
2.6
3.273
2.74
2.972
3.362
3.491
3.26
3.647
3.304
3.031
2.268
2.387
2.969
2.673
2.657
2.818
2.9
2.666
2.152
2.31
3.05
3.586
3.468
3.727
3.106
3.769
3.339
3.152
3.774
3.142
3.063
3.065
2.865
2.46
2.541
2.853
3.032
2.553
2.536
2.486
2.13
2.23
2.368
2.79
2.414
2.401
2.253
2.741
2.832
2.393
2.494
2.574
2.573
2.401
2.955
3.291
2.964
2.856
3.116
3.29
2.974
2.675
3.073
3.398
3.349
2.369
1.693
2.414
1.826
1.829
2.167
2.366
2.546
1.825
2.018
2.36
2.238
2.683
2.517
2.706
2.22
2.961
2.511
2.514
3.182
3.07
3.195
3.363
3.679
4.075
3.993
4.09
3.791
3.908
3.646
3.65
3.454
3.829
4.981
4.028
4.083
3.911
3.217
2.889
4.183
3.282
3.809
2.922
3.051
3.615
3.472
3.162
3.595
2.902
3.3
3.046
2.97
3.107
3.152
3.023
3.441
3.396
3.016
3.317
3.07
3.007
3.367
2.97
2.465
2.8
2.336
2.452
2.036
2.358
1.933
2.301
2.531
1.654
3.056
2.978
2.919
2.834
2.769
2.45
3.229
2.968
3.308
2.744
3.321
3.785
4.516
3.806
3.646
3.11
4.045
3.523
3.765
3.179
3.687
3.707
3.534
3.68
4.045
4.228
3.815
4.531
4.498
4.007
3.918
3.408
3.358
3.743
3.389
3.932
3.805
3.94
3.643
3.994
4.301
4.019
3.622
4.096
4.337
4.383
4.32
4.273
3.954
3.887
3.992
3.675
3.713
3.539
3.508
3.4
3.012
3.065
3.606
3.101
2.698
2.503
2.937
3.436
3.567
3.198
2.918
2.425
1.948
2.016
2.6
2.95
2.819
2.157
1.816
1.837
2.132
2.276
2.38
2.922
3.285
3.202
3.373
3.098
3.169
3.422
3.549
3.459
3.512
3.707
3.621
3.296
3.284
3.508
3.526
3.125
2.69
2.588
2.021
1.836
2.259
2.69
2.79
3.041
2.735
3.004
3.447
3.532
3.819
3.366
3.171
3.846
4.225
3.987
4.092
3.964
3.668
3.612
3.705
3.449
2.759
2.857
3.177
3.257
2.981
3.063
3.339
3.502
3.504
3.203
3.277
3.416
3.14
2.917
2.571
2.302
2.696
2.935
2.789
3.286
3.541
3.607
3.69
3.818
3.846
3.609
3.559
3.287
3.148
3.163
3.543
3.771
4.118
4.035
3.863
3.466
3.58
3.556
3.714
3.892
4.165
4.14
4.169
4.212
4.313
4.369
4.4
4.407
4.154
3.993
3.997
4.348
4.429
4.467
4.44
4.602
4.34
4.369
4.334
4.417
4.285
4.319
4.23
4.136
4.333
4.01
4.388
4.18
3.947
4.099
4.018
4.027
4.296
4.156
4.401
4.046
4.032
3.986
3.555
3.367
2.975
3.224
3.015
3.513
3.65
3.475
3.436
3.638
3.288
3.143
2.553
2.558
2.818
2.508
2.158
1.937
2.203
2.139
1.671
.812
2.238
2.329
2.497
2.226
1.304
1.315
3.108
3.173
3.253
2.821
3.794
3.508
2.804
2.821
2.941
3.385
3.548
3.389
3.229
2.941
2.938
2.687
2.596
1.894
2.101
1.732
1.567
1.78
1.821
2.002
1.955
1.761
1.989
1.598
1.733
1.584
1.197
1.607
1.329
1.799
1.948
1.769
1.759
1.402
1.782
1.752
1.805
1.536
2.233
1.84
2.086
1.313
1.483
1.409
1.127
2.078
1.923
2.036
.487
.963
1.82
2.146
2.067
2.457
1.936
1.998
1.925
2.305
2.911
2.061
3.48
3.061
3.201
4.413
3.762
3.552
3.083
4.064
3.177
4.064
3.696
3.554
3.748
3.844
4.598
4.959
5.135
5.038
5.197
3.95
5.039
4.794
4.88
4.611
4.384
4.907
5.299
5.31
5.131
5.141
4.603
3.283
4.048
3.875
4.728
4.462
4.699
4.459
4.4
4.593
3.642
4.717
5.172
5.252
5.794
4.869
4.757
4.251
4.365
4.936
4.985
4.755
4.733
4.879
4.201
3.562
3.799
3.2
2.934
2.591
2.639
2.99
2.976
2.551
2.52
2.46
2.699
2.729
2.65
2.871
3.135
2.822
2.931
2.966
3.125
2.832
3.002
2.777
3.112
3.025
2.886
2.742
2.711
2.768
2.784
2.898
2.856
2.941
3.138
3.066
3.309
3.39
3.056
2.925
2.995
3.554
3.207
3.249
3.59
3.029
3.199
3.576
4.381
4.798
4.785
4.906
4.986
4.632
4.763
4.45
4.757
4.899
4.892
4.284
4.127
3.949
4.116
4.271
4.44
4.543
4.671
4.733
4.665
4.941
4.721
5.009
5.328
4.909
4.712
4.767
4.663
4.859
4.734
4.649
4.59
4.728
4.322
4.565
4.49
4.395
4.94
5.046
4.956
4.873
4.766
4.68
4.601
4.807
4.634
4.541
4.574
4.233
4.159
4.175
4.043
4.206
4.355
3.943
3.91
4.011
3.976
3.528
3.645
3.834
3.556
3.212
3.454
3.539
3.652
3.844
3.495
3.471
3.927
3.692
3.909
3.567
3.616
3.385
3.325
3.407
3.52
3.442
3.502
3.649
3.646
4.033
4.33
4.091
4.317
3.977
4.135
3.887
4.143
3.975
3.825
3.983
3.985
3.897
4.091
3.976
3.722
3.607
3.753
3.833
3.733
3.749
3.862
3.624
3.316
3.376
3.589
3.681
3.977
3.524
3.806
3.992
4.444
4.327
3.843
4.098
4.008
3.608
3.474
3.323
3.57
3.309
3.487
3.891
3.799
3.843
3.744
3.837
4.121
4.509
5.076
5.52
4.47
4.489
4.788
4.555
4.326
4.161
4.357
4.349
4.702
4.385
4.49
4.43
4.99
4.01
4.743
5.519
5.036
5.023
4.836
5.977
5.931
5.732
7.18
6.402
7.39
8.04
8.79
7.48
6.781
7.83
8.58
7.78
8.33
8.89
8.27
9.13
8.83
7.86
7.72
8.87
7.86
8.09
7.88
8.88
7.8
7.81
8.72
9.58
10.04
8.47
7.89
9.35
8.55
8.6
7.22
6.591
7.19
6.734
8.81
9.16
8.09
9.4
10.56
9.72
9.66
8.36
8.01
9.47
9.37
8.52
7.68
8.72
8.81
9.13
9.68
10.26
8.58
8.93
9.46
8.74
8.57
10.15
9.49
8.89
9.56
9.2
9.01
7.34
7.41
7.06
9.08
7.55
8.02
8.51
9.01
10.21
9.07
9.62
10.55
7.86
7.8
8.27
6.961
6.966
7.47
6.976
8.04
7.57
6.717
7.41
7.67
7.33
6.826
7.06
7.15
6.42
5.778
5.509
6.16
5.796
5.66
5.098
5.054
5.139
5.677
5.661
5.147
5.159
4.977
5.056
5.202
4.88
5.075
4.81
4.493
4.553
4.741
4.952
4.777
4.729
5.028
5.452
5.176
5.245
5.703
6.025
5.768
5.919
5.134
5.602
5.582
5.868
5.075
5.153
5.188
5.084
4.179
4.31
4.345
4.444
4.581
4.933
5.359
5.671
6.063
6.083
6.285
5.683
6.1
5.229
5.653
5.454
5.643
5.509
5.294
5.423
5.779
5.532
6.411
7.5
7.55
7.7
7.93
7.69
7.79
6.968
6.853
6.919
6.546
6.767
5.445
6.015
6.102
6.216
5.532
5.665
5.364
5.753
5.931
5.627
6.003
6.397
6.555
6.104
6.342
6.505
6.279
6.32
5.97
6.133
5.422
5.565
5.176
5.036
5.199
5.333
5.241
5.245
5.055
4.319
4.323
4.116
3.957
3.3
2.941
2.864
2.326
2.637
3.461
3.626
4.14
3.953
4.125
4.013
3.243
3.086
3.607
3.584
3.716
3.705
3.829
3.393
3.741
4.104
3.975
4.086
4.12
3.992
3.625
3.891
3.997
4.073
3.691
3.703
3.377
3.166
3.79
3.881
3.51
3.081
3.247
2.902
3.027
3.171
1.76
3.065
3.029
2.81
2.935
3.082
3.659
3.579
3.444
3.756
3.661
3.932
4.029
3.751
3.056
2.693
3.13
3.144
3.735
3.952
3.605
2.955
3.366
3.541
3.705
3.965
2.961
2.863
2.956
3.288
3.467
3.057
2.396
3.197
3.4
3.367
2.892
3.699
3.474
3.868
3.789
4.337
4.935
4.363
4.645
5.112
5.197
5.322
5.923
4.912
5.617
6.107
5.67
5.136
5.541
5.563
5.075
5.583
5.472
5.863
5.956
6.384
6.418
6.29
6.689
6.129
6.648
5.425
6.047
6.181
6.801
6.232
5.447
6.317
6.863
5.901
6.946
6.638
6.343
6.859
6.619
6.181
6.143
6.593
7.15
6.577
6.028
7.15
5.669
6.412
6.403
5.527
6.48
6.864
6.18
5.888
6.824
5.762
6.018
5.696
6.156
5.515
5.513
5.201
5.569
5.521
6.062
5.864
5.993
5.788
4.832
5.175
5.163
5.152
5.709
5.012
5.784
5.957
5.815
5.688
4.508
5.834
4.715
5.676
6.283
5.802
5.329
5.251
5.496
5.943
4.898
4.46
3.845
3.941
4.057
3.717
3.443
3.459
3.172
3.02
2.951
2.476
2.555
2.469
2.26
2.462
2.689
3.185
3.73
4.045
3.491
3.656
3.562
3.86
4.846
4.314
3.614
3.509
3.528
3.781
4.649
5.04
4.621
4.257
4.529
3.895
3.945
4.555
4.702
4.961
5.033
4.678
5.31
5.839
5.49
5.409
5.443
5.191
5.184
5.027
5.326
6.079
5.657
4.811
5.448
5.53
5.61
5.289
5.233
5.526
5.536
5.722
6.305
5.767
6.187
5.841
5.766
5.687
6.399
5.683
5.615
5.338
5.168
5.288
4.601
5.232
5.453
5.339
5.353
5.308
5.322
5.49
5.973
5.784
5.532
6.132
6.442
5.823
5.845
5.145
5.097
5.299
6.564
7.09
7.66
7.16
6.887
7.11
6.798
6.688
6.956
7.65
7.98
7.27
7.23
6.959
7.08
7.14
7.04
7.18
7.53
7.22
6.958
6.863
6.501
6.646
6.412
7.17
7.3
7.18
6.562
5.872
5.513
4.942
4.607
4.955
4.227
5.17
5.22
4.567
4.867
5.203
5.151
5.142
5.295
4.467
4.12
3.754
4.077
4.539
4.699
4.612
4.274
3.779
4.171
3.77
3.654
3.574
3.403
3.115
3.222
3.059
3.028
3.331
3.75
3.663
3.636
4.199
4.967
5.278
5.847
6.192
5.808
6.27
5.909
6.008
6.048
5.693
5.819
6.185
6.817
8.44
9.71
9.42
9.97
10.63
11.97
10.9
11.71
10.28
11.1
11.21
11.58
13.2
11.49
11.43
12.12
10.75
12
12.66
11.68
12.02
11.86
11.88
12.19
10.23
10.33
11.13
11.21
11.95
10.74
9.89
11.51
10.57
11.4
10.28
9.83
9.65
9.12
9.28
10.75
9.96
9.54
9.87
8.45
11.13
10.26
8.71
8.21
9.23
9.24
9.71
9.36
8.77
8.33
8.76
8.97
7.26
7.11
7.64
7.77
7.52
7.93
7.89
6.926
6.471
6.594
6.642
7.15
6.845
6.347
7.35
6.078
6.451
6.734
5.996
6.128
6.469
6.811
5.174
6.055
4.743
4.942
4.841
5.665
4.48
3.766
4.919
4.995
4.21
3.178
4.329
5.523
6.737
6.201
5.273
5.274
5.939
4.889
5.877
4.57
3.892
5.789
4.766
4.209
5.175
9.99
11.12
11.37
11.22
10.96
9.63
9.94
9.22
10.08
10.57
9.67
9.31
8.86
10.31
9.38
10.03
8.29
7.84
9.06
9.6
9.05
8.35
7.71
6.647
5.95
5.39
4.893
6.198
6.033
6.606
6.358
5.448
4.518
4.88
4.963
5.274
5.505
5.364
5.273
5.275
4.875
4.929
4.341
4.495
4.409
4.115
4.118
4.285
4.003
3.768
3.355
3.228
3.324
3.194
3.08
3.089
2.887
2.881
3.01
2.978
2.59
2.334
2.69
2.687
2.847
2.891
3.107
2.747
2.515
2.82
2.913
3.099
3.307
3.118
3.09
2.918
3.009
3.002
3.048
3.279
3.022
2.837
2.754
2.447
2.55
2.551
2.591
2.521
2.043
1.878
1.096
.999
.982
.956
.838
.655
.894
.71
.704
.757
.782
.464
.054
.328
0
0
.065
.596
.872
.901
1.226
1.03
1.045
1.082
.599
.005
.173
1.083
1.384
1.086
.446
.704
1.345
1.883
1.679
1.149
1.109
1.634
2.18
2.124
2.079
2.635
2.347
1.903
1.937
2.125
2.224
2.19
2.315
2.061
1.966
2.112
2.081
2.464
2.505
2.299
1.434
.747
.823
1.147
1.94
2.481
2.579
2.321
2.447
2.901
3.034
2.595
2.948
3.53
3.167
2.815
2.599
2.532
2.712
3.089
2.823
2.771
2.473
2.769
2.667
2.319
2.499
2.187
2.052
2.203
2.336
2.165
1.723
1.613
1.834
1.798
1.854
1.947
2.093
2.031
2.276
2.934
2.905
3.4
3.483
3.028
2.932
3.543
3.601
3.072
3.038
3.397
3.795
3.69
3.274
3.945
3.996
3.477
3.435
3.745
3.486
4.201
3.666
3.783
3.912
4.284
4.051
4.333
4.244
4.752
4.519
3.938
5.219
5.661
5.355
5.535
6.226
6.001
5.617
5.288
5.499
5.168
5.595
5.347
4.772
5.91
5.975
6.181
5.558
6.032
6.92
6.274
6.987
7.37
8.6
7.7
7.78
7.53
6.806
8.59
8.12
8.1
7.43
8.29
8.58
8.78
7.92
7.85
7.48
6.878
6.918
7.24
6.87
7.18
6.673
7.89
7.81
6.929
7.56
6.253
7.72
7.37
7.32
7.73
6.563
6.971
6.678
6.216
6.556
6.479
6.498
6.854
6.327
6.372
6.649
6.055
7.43
6.407
6.443
5.592
6.721
6.547
6.512
6.934
6.449
6.238
6.41
6.849
6.29
6.887
6.666
7.04
6.593
5.868
6.078
5.516
5.775
4.896
4.753
4.737
4.736
4.698
4.237
4.3
4.629
4.353
4.182
4.375
4.413
4.226
4.157
4.212
4.034
3.935
3.77
3.556
3.524
3.726
3.665
3.584
3.359
3.616
3.818
3.91
4.275
4.195
4.451
4.55
4.212
4.448
4.666
4.54
4.431
4.407
4.33
4.462
4.659
4.823
4.955
4.948
5.139
5.021
4.959
4.649
4.751
4.457
4.172
4.674
4.042
4.07
3.821
3.971
3.994
4.499
4.552
4.424
4.59
4.64
4.644
5.126
5.018
4.484
5.055
4.491
4.975
4.925
5.613
5.075
4.599
4.97
5.176
4.969
5.782
6.007
6.053
6.372
6.785
6.418
6.901
7.07
6.555
6.682
6.584
6.64
6.865
6.951
6.265
7.2
7.15
7.17
6.483
6.474
6.511
6.632
6.421
6.398
6.378
6.017
6.25
6.189
6.163
5.781
5.971
5.715
5.956
5.859
5.858
6.328
5.97
5.839
5.979
6.043
6.107
5.721
6.017
6.294
5.853
5.689
6.005
6.33
5.855
5.466
5.394
5.412
5.275
5.488
4.843
5.203
4.685
4.485
4.751
4.112
4.907
5.018
4.717
4.695
4.868
4.709
4.583
4.597
4.516
4.355
4.393
4.282
4.406
4.572
4.322
4.2
4.172
4.642
4.402
4.436
4.103
4.29
4.162
4.149
4.045
4.183
4.06
3.937
3.344
3.405
3.115
3.352
3.713
3.53
3.498
3.916
3.779
3.842
4.111
4.123
4.091
4.537
4.728
4.635
4.997
5.129
4.54
4.993
5.094
5.506
5.29
4.95
4.881
4.379
5.182
5.366
6.025
4.877
5.614
5.317
4.781
5.525
5.729
5.057
5.284
5.07
5.383
5.378
5.631
5.427
5.126
5.869
4.99
4.989
4.884
4.705
4.468
4.73
4.015
3.992
3.295
4.713
3.794
5.433
4.781
5.006
5.119
5.505
5.213
4.995
5.181
5.711
5.682
5.795
6.443
6.689
6.287
6.665
6.86
5.461
5.431
6.554
6.267
5.356
5.622
6.021
5.462
5.39
5.856
6.064
5.983
5.937
5.193
5.956
6.221
5.757
5.109
5.253
5.895
5.677
6.449
6.151
5.749
5.172
6.1
6.645
5.299
4.929
5.329
5.051
5.422
5.834
4.944
5.836
5.851
6.33
7.27
6.678
5.525
4.937
4.915
5.509
4.26
5.179
5.533
4.488
4.683
4.493
4.094
4.202
3.775
3.357
2.981
2.992
2.531
2.449
2.437
2.414
2.509
2.512
2.534
2.746
3.125
3.269
2.905
3.207
3.314
3.222
3.346
3.468
3.461
3.373
3.489
3.606
4.106
4.579
5.167
5.585
5.245
5.384
5.458
5.563
5.345
5.418
4.823
5.139
5.605
5.948
5.986
6.436
6.211
5.886
5.256
5.013
5.023
5.774
5.629
5.194
4.992
4.417
4.063
4.335
4.816
5.199
6.348
5.254
4.804
4.558
4.596
4.118
4.466
4.736
4.787
4.326
4.19
4.398
4.397
4.062
4.28
4.837
4.989
5.187
4.671
4.163
3.747
4.235
4.073
4.633
4.509
4.769
4.254
3.974
4.238
4.418
4.553
4.681
5.101
4.553
4.994
4.353
4.447
4.413
4.442
4.129
4.271
4.485
4.371
4.158
3.742
4.014
3.932
3.845
4.452
4.264
4.312
4.355
5.057
5.181
5.223
5.103
5.51
4.916
4.634
4.991
5.379
4.794
4.886
5.109
4.94
5.433
5.456
5.237
4.818
4.954
5.648
5.685
5.667
5.889
5.391
5.44
5.482
6.041
5.794
5.772
4.946
4.975
5.046
5.322
5.948
5.351
5.222
4.906
5.362
5.713
5.364
4.874
4.974
4.614
5.106
5.462
5.314
5.428
5.103
4.776
5.253
5.19
4.622
4.223
4.038
4.884
4.932
5.088
5.418
5.214
5.152
4.945
4.827
4.933
5.374
5.631
5.28
5.023
5.282
4.724
5.075
5.404
5.28
5.041
4.75
4.831
4.581
4.276
4.734
4.206
3.775
4.003
3.715
3.529
3.553
3.721
3.703
4.003
4.124
3.764
3.869
3.904
3.876
3.914
3.745
3.888
4.042
4.388
4.629
4.941
5.146
5.495
5.118
5
5.094
4.839
4.79
4.607
4.412
5.26
5.175
4.75
5.373
5.32
5.387
5.182
5.382
5.19
5.94
5.049
6.24
5.611
5.333
5.295
4.357
4.526
4.978
5.206
5.379
5.108
5.915
5.284
4.631
4.798
5.3
4.797
4.667
5.02
5.493
6.077
6.051
7.98
7.48
8.35
7.72
5.465
7.56
6.282
6.441
6.72
5.641
6.907
7.7
6.726
7.19
6.632
6.04
6.273
6.439
6.938
6.26
5.229
5.48
5.572
5.728
5.157
4.317
4.365
5.479
6.289
5.544
5.591
6.998
5.797
6.014
5.596
4.958
4.645
5.542
5.673
5.158
4.99
5.334
5.02
4.827
4.502
3.858
4.157
3.887
3.818
3.606
3.437
3.282
3.025
2.921
3.252
3.505
3.442
3.015
2.956
2.936
2.795
2.854
2.958
3.235
3.44
3.355
3.873
3.638
3.367
2.757
2.169
1.572
2.185
2.196
2.157
2.129
1.861
2.367
2.677
2.976
2.64
2.537
1.99
1.984
1.806
1.867
2.515
2.72
2.741
2.678
3.011
3.566
2.783
2.885
2.932
2.877
3.136
3.222
3.716
3.597
3.415
2.84
3.078
3.187
3.049
3.678
3.634
3.285
3.231
3.098
3.267
3.519
2.994
3.543
3.542
2.986
3.263
3.078
3.464
3.591
3.348
3.131
3.075
3.03
3.332
2.782
3.075
3.143
3.086
3.204
2.834
2.919
2.776
2.612
2.169
1.847
1.713
2.073
2.469
2.372
1.998
1.915
1.844
1.763
1.967
2.12
1.808
1.973
1.849
1.793
1.838
1.288
1.103
1.79
1.586
1.215
1.505
1.435
1.457
1.643
2.19
3.08
3.194
2.61
2.277
1.862
2.282
2.359
2.147
2.603
3.154
2.586
2.744
3.064
3.526
7.53
7.88
10.07
9.63
10.41
10.59
9.7
9.31
9.53
11.04
10.2
11.05
9.59
10.93
9.72
9.93
9.79
8.91
9.87
9.93
8.93
9.74
10.11
9.44
9.29
9.3
9.67
9.01
9.92
10.85
9.98
9.59
8.36
9.34
9.27
9.91
10.97
10.67
12.11
12.2
12.03
10.52
9.92
10.14
10.34
10.55
10.65
9.79
11.34
11.59
11.3
11.65
12.24
13.01
12.4
12.07
11.84
12.05
12.38
11.47
12.83
12.39
12.55
12.11
10.12
10.48
12.07
11.73
11.7
12.7
13.86
11.88
12.17
13.24
12.14
13.17
12.52
12.13
13.31
11.51
11.31
11.88
11.19
11
10.42
10.2
11.7
10.39
10.49
10.27
9.22
9.42
9.14
9.93
8.37
8.64
7.91
9.95
10.04
10.28
10.22
9.36
9.41
9.48
8.82
8.95
8.45
7.68
8.97
8.44
8.59
9.09
9.83
9.44
8.67
7.69
8.73
8.71
7.2
8.36
8.51
8.94
9.81
8.88
8.33
9.26
8.14
10.35
8.44
9.38
9.44
8.46
9.24
9.21
9.32
8.74
8.48
10.02
9.26
9.09
8.58
8.67
10.01
8.96
8.48
9
9.43
9.19
8.77
8.77
9.43
9.55
8.92
8.5
9.25
8.99
7.29
8.43
8.03
7.7
8.9
9.06
9.87
8.52
8.74
7.81
7.44
8.35
8.3
7.74
8.48
8.6
7.94
8.02
7.88
7.76
7.87
7.73
8.49
9.42
9.59
10.03
9.4
8.42
9
9.38
8.77
8.79
8.62
8.42
7.82
7.45
6.896
7.71
6.685
6.486
6.215
7.05
7.63
7.21
7.08
7.26
7.8
7.73
7.65
7.28
6.788
7.79
8.14
9.33
9.61
7.97
8.79
8.08
7.38
6.814
8.82
7.47
7.47
7.46
7.26
7.12
7.4
7.9
7.46
8.49
7.62
8.96
8.56
8.62
8.24
7.7
7.67
7.34
7.33
7.63
5.932
6.716
7.56
7.61
8.09
7.56
6.54
6.212
5.796
5.568
6.65
6.533
6.828
6.639
6.81
6.267
6.057
7.18
7.14
7.12
5.251
4.878
5.345
5.887
6.181
6.158
5.859
6.143
6.555
7.57
6.78
5.747
6.042
7.19
5.672
6.222
6.38
5.739
5.763
5.789
5.271
4.897
5.628
5.12
4.406
4.736
5.362
3.754
4.275
4.726
4.684
5.176
4.634
5.245
4.618
4.154
4.495
4.077
3.743
4.115
5.136
4.987
3.741
3.402
2.836
4.617
4.59
5.196
4.334
4.265
4.601
4.272
4.522
3.915
4.061
4.031
3.541
3.268
3.797
3.848
4.478
4.108
5.127
4.448
4.523
4.821
4.557
6.07
4.914
5.411
5.447
5.361
5.187
4.585
3.699
4.394
5.165
4.844
5.402
4.504
4.516
4.485
4.167
3.682
3.854
3.989
5.338
4.098
3.505
3.742
3.83
3.696
3.569
3.519
3.459
4.179
3.918
3.984
4.122
4.051
4.042
4.397
4.451
3.722
3.767
3.659
5.233
5.802
4.504
5.513
5.038
4.453
4.782
4.928
4.526
4.908
4.887
5.044
4.796
5.192
4.82
5.544
5.043
5.13
5.026
4.342
4.262
4.822
4.698
4.753
4.774
4.689
5.271
5.932
4.687
4.585
4.242
4.086
4.718
4.879
4.737
4.826
4.023
3.803
4.066
3.812
3.657
3.782
3.604
3.925
3.656
3.876
3.121
3.38
4.266
4.304
3.558
3.931
4.18
4.217
4.417
3.339
2.632
2.283
1.737
1.184
2.631
2.915
2.504
2.147
2.265
2.978
4.618
3.819
3.613
3.601
3.482
3.471
3.495
2.63
3.452
3.214
3.666
3.708
4.479
4.312
3.44
4.343
3.372
4.293
4.064
4.326
4.581
4.681
4.677
4.902
4.479
2.761
3.499
5.245
4.153
2.996
5.172
3.203
3.138
6.006
7.23
8.23
7.13
3.836
2.974
3.368
3.062
3.379
2.775
2.37
2.53
2.545
2.537
2.274
2.545
2.768
3.414
3.335
4.068
4.072
3.978
3.76
3.076
2.444
2.228
2.498
3.622
3.456
3.285
2.836
2.737
3.702
4.068
3.615
3.87
4.93
4.89
4.778
4.5
5.202
5.496
6.168
5.078
5.688
5.621
5.244
4.44
5.088
5.643
4.678
4.938
4.921
4.551
4.622
4.867
4.427
4.753
3.904
4.47
4.412
3.721
3.821
3.848
3.71
3.928
3.57
3.705
3.656
3.601
3.863
3.746
4.289
4.303
3.544
4.039
3.591
3.669
4.255
3.842
4.654
4.073
3.699
3.896
3.185
3.48
3.647
3.336
2.987
3.499
2.974
2.839
2.601
2.724
2.838
2.382
2.947
3.018
2.676
2.782
2.896
3.513
3.69
3.657
3.483
2.708
2.821
2.931
2.394
2.364
2.588
2.996
2.945
3.338
3.182
3.319
3.603
5.605
5.863
6.351
5.779
5.939
5.65
5.274
4.368
4.652
3.796
3.687
3.604
4.145
3.499
3.724
4.395
3.614
4.079
3.68
3.537
3.503
3.659
3.615
3.789
3.544
3.969
3.499
4.305
4.681
3.948
4.396
4.237
4.84
4.086
4.558
4.741
4.642
4.58
4.198
3.84
3.818
3.961
3.696
3.824
3.715
3.881
4.435
4.096
5.015
5.142
4.825
4.45
4.628
4.271
4.633
4.792
4.858
5.798
4.943
6.125
6.077
7.05
6.142
6.93
6.453
5.921
5.938
5.751
7.04
6.453
6.745
7.19
8.2
7.54
8.22
7.77
7.74
8.23
7.47
7.46
8.07
8.56
8.6
10.2
10.16
9.84
8.91
9.69
9.85
9.05
10.76
10.5
10.57
10.3
9.76
9.99
9.72
10.41
10.05
10.78
11.96
11.05
11.52
11.22
9.8
10.24
10.94
11.38
10.47
10.81
10.93
10.69
10.34
10.06
10.89
10.01
9.84
8.36
9.14
9.52
10.81
11.94
8.63
10.46
10.18
9.81
9
10.01
10.53
10.5
10.5
10.91
10.48
9.28
9.28
10.45
9.76
8.63
9.43
8.79
9.14
10.09
8.05
9.04
8.76
8.86
7.86
8.8
9.62
9.93
9.3
9.9
8.5
7.16
7.75
6.916
6.85
7.7
7.26
7.9
7.92
6.783
8.52
7.67
9.89
9.58
8.06
6.963
6.401
6.96
7.75
7.21
7.67
6.922
6.628
6.049
5.502
6.357
7.53
7.22
6.566
6.319
5.622
6.174
5.515
5.233
5.813
4.988
4.394
4.744
4.408
4.482
4.357
4.443
4.368
4.507
4.614
4.461
4.167
4.358
4.391
4.121
4.594
4.071
4.37
4.281
4.022
4.129
3.895
3.698
3.438
3.166
3.146
2.848
3.066
3.173
3.45
3.409
3.871
3.545
3.515
3.372
3.628
3.739
3.703
3.908
3.99
3.558
3.983
3.829
4.024
3.915
4.201
4.157
3.976
4.179
4.281
4.098
4.309
4.212
3.849
3.879
3.987
3.978
3.999
4.111
3.981
3.958
4.089
3.972
4.019
4.203
4.363
4.303
4.31
4.27
4.178
3.658
3.18
3.703
3.912
3.766
3.756
4.14
4.312
4.137
4.368
4.43
4.608
4.773
4.78
4.388
4.315
4.511
4.536
4.742
4.376
4.573
4.551
4.52
4.589
4.645
4.53
4.294
4.531
4.553
4.522
4.58
4.617
4.555
4.636
4.834
4.832
4.724
4.757
4.744
5.09
5.002
5.141
5.151
4.761
4.723
4.605
4.684
4.616
4.763
4.551
4.299
4.312
4.25
4.411
4.286
4.034
4.442
4.439
4.112
4.177
4.29
4.205
4.484
4.359
4.181
4.466
4.545
4.503
4.54
4.69
4.592
4.735
4.476
4.515
4.772
4.666
4.642
5.205
4.71
4.49
4.554
4.532
4.842
4.63
5.118
5.389
5.136
4.99
5.581
5.569
4.707
5.545
4.918
4.949
4.72
4.731
5.041
4.712
4.376
4.956
4.588
4.407
4.221
4.724
4.622
5.038
4.401
4.879
4.272
4.763
4.2
5.165
3.899
3.745
4.911
4.439
4.511
4.822
4.259
4.42
4.911
4.908
5.021
4.911
4.79
4.751
4.588
4.117
4.234
4.395
4.153
5.562
4.567
5.495
4.975
5.232
5.179
5.187
4.161
4.367
4.599
5.758
5.663
4.565
3.581
5.045
4.618
5.255
5.535
5.182
6.02
5.344
4.563
4.264
5.765
4.882
5.25
4.56
3.562
3.923
4.314
5.111
4.648
3.458
4.032
4.056
2.932
3.711
1.294
1.66
2.269
3.888
1.336
3.056
2.423
2.526
1.716
3.035
3.485
2.589
3.181
2.247
2.524
1.283
1.638
1.4
2.2
2.275
2.318
1.865
1.489
1.746
1.463
1.554
1.774
1.376
1.203
1.098
1.116
1.281
1.612
1.854
1.848
1.794
2.021
1.895
2.034
2.251
2.38
2.018
2.352
3.059
2.941
2.656
2.4
2.403
2.405
2.451
2.484
2.736
2.858
2.775
2.572
2.69
3.024
2.809
2.948
2.827
2.577
3.114
3.362
3.348
3.19
3.239
3.156
3.24
3.331
3.167
3.217
3.268
3.262
3.264
3.24
3.142
3.021
3.01
3.05
2.934
3.016
2.856
2.857
2.811
2.377
2.808
3.133
2.807
2.633
2.526
2.753
2.725
2.995
3.028
3.02
2.899
3.008
3.22
3.087
2.766
2.817
3.33
3.164
3.447
3.113
2.886
2.892
2.96
3.051
3.179
3.281
3.363
3.207
3.135
3.089
2.849
3.18
3.214
3.111
3.031
2.835
2.599
2.581
2.848
3.014
3.351
3.218
3.097
3.164
3.473
3.508
3.123
3.399
3.195
3.595
3.529
3.604
3.488
3.305
3.519
3.821
4.028
4.065
3.893
3.808
3.716
3.781
3.947
3.791
3.882
3.849
3.663
3.626
3.475
3.423
3.503
3.522
3.194
3.317
3.283
3.732
3.772
3.929
4.123
4.055
3.867
3.872
3.947
3.763
3.961
3.826
3.863
3.644
3.792
4.04
3.611
3.648
3.387
3.308
3.407
3.275
3.147
2.897
2.849
3.04
3.037
3.202
2.992
2.757
2.643
2.744
3.072
3.375
3.06
2.986
3.402
2.737
2.997
3.09
2.8
2.547
3.238
3.496
3.113
3.234
2.52
3.624
4.208
3.755
3.424
3.281
3.975
4.416
4.725
4.384
5.278
5.139
5.016
5.251
5.127
6.47
5.439
5.487
6.584
6.152
5.757
5.346
5.859
5.792
6.329
6.123
6.275
5.818
5.528
4.809
5.096
6.169
5.901
6.045
5.639
6.132
5.267
5.332
5.621
6.287
4.938
5
5.647
5.445
5.533
5.348
4.284
5.986
6.332
6.515
5.458
5.309
5.34
5.413
3.58
4.073
4.962
5.127
5.436
5.251
5.068
4.948
4.83
5.48
4.835
5.857
5.551
5.321
5.532
5.287
4.846
4.587
4.944
4.289
4.239
4.783
4.731
4.193
3.597
4.131
4.429
3.922
2.913
3.964
3.479
3.153
3.019
3.814
2.601
3.04
4.659
4.892
4.71
4.098
4.076
3.415
2.815
3.467
3.985
4.948
4.517
4.164
3.794
3.697
3.397
2.825
3.197
3.446
3.069
3.144
3.132
2.922
2.781
2.704
2.963
3.084
3.126
3.185
3.321
3.188
3.208
3.169
3.312
3.1
3.005
3.135
3.109
3.301
3.464
3.566
4.201
3.91
3.977
3.493
3.084
3.086
2.904
2.9
3.319
3.571
4.129
4.838
4.764
4.624
4.077
4.324
4.091
4.331
4.154
4.194
4.18
4.135
4.027
4.056
4.172
4.096
3.855
4.087
4.12
4.488
4.478
4.567
4.443
4.858
5.104
5.103
5.216
5.689
5.424
5.055
5.287
5.327
5.03
5.101
5.211
5.263
4.987
5.144
5.168
4.985
4.729
4.91
4.938
4.979
5.69
5.511
5.84
6.223
6.49
6.627
6.243
6.537
6.414
6.127
5.896
6.018
5.638
5.533
5.035
5.416
5.483
5.338
5.022
5.43
5.322
5.111
5.151
4.829
4.642
4.473
4.113
4.141
3.888
3.902
3.527
3.714
3.861
4.263
3.426
3.722
3.679
3.611
3.582
3.609
3.784
3.717
3.612
3.692
3.623
3.577
3.687
3.892
4.155
3.849
3.485
3.577
3.683
3.457
3.489
3.642
3.955
4.005
3.763
3.828
3.473
3.518
3.702
3.828
3.668
3.601
3.237
3.272
3.552
3.882
4.382
4.246
3.945
3.964
3.969
3.947
3.858
3.893
3.616
3.493
3.305
3.489
3.283
3.387
3.177
3.402
3.801
3.729
3.075
3.583
4.453
3.754
3.719
3.675
4.021
4.192
4.256
4.238
4.602
4.867
4.311
5.121
4.983
4.62
5.078
5.149
5.015
6.018
5.947
5.62
5.228
5.975
5.884
5.049
5.93
6.114
5.455
5.792
5.185
5.55
4.813
5.398
5.129
5.088
5.911
5.451
5.684
6.153
6.009
6.555
6.956
5.672
5.582
6.106
6.495
6.567
6.486
5.841
6.669
5.288
5.421
5.265
6.441
4.954
5.408
5.431
5.277
5.423
4.644
5.164
3.356
5.169
4.13
4.043
3.822
4.09
5.208
5.771
5.622
4.74
5.269
5.911
5.241
4.175
5.18
6.386
7.49
6.258
6.055
6.422
6.823
6.528
8.04
7.38
6.907
6.937
5.664
7.04
6.736
6.218
5.551
7.48
5.141
4.989
5.841
6.885
6.233
7.21
6.343
5.496
4.765
5.724
5.786
5.953
5.346
6.903
5.898
6.81
6.736
5.517
6.662
4.614
6.911
6.748
5.706
5.949
4.898
4.509
6.814
7.09
7
5.522
6.134
6.046
5.426
5.404
5.294
5.237
5.531
5.77
5.432
5.129
4.935
4.749
4.709
4.574
4.656
4.989
5.739
5.121
5.195
5.312
5.851
6.027
5.806
6.329
6.423
5.766
5.544
5.456
5.274
5.341
5.399
5.638
5.715
6.097
6.445
6.476
6.773
6.581
5.914
6.575
6.112
6.069
5.77
5.885
6.198
6.379
6.019
5.559
5.767
5.884
5.983
5.895
5.637
5.471
5.183
4.758
4.925
4.833
4.545
4.232
4.527
4.305
4.152
4.169
4.148
4.178
3.992
3.999
4.202
4.267
4.881
4.226
4.231
4.543
4.193
4.54
5.028
4.867
4.974
4.649
4.623
4.325
4.162
4.54
4.618
4.781
4.997
4.992
5.208
5.249
4.927
4.996
4.803
4.472
4.914
4.735
4.602
4.963
4.848
4.52
4.457
4.615
4.607
4.656
4.503
4.778
4.86
4.856
4.893
4.48
4.682
4.746
4.926
4.87
5.053
4.739
5.2
6.089
5.902
6.347
6.301
6.436
6.108
5.591
5.782
5.926
5.547
5.371
5.641
5.516
5.045
5.055
4.792
5.439
5.765
5.974
6.286
6.694
6.883
6.284
6.484
6.537
6.207
5.391
5.255
5.123
5.124
5.123
5.274
5.522
5.893
5.791
5.263
4.924
4.585
4.574
3.974
3.787
2.695
2.537
3.416
3.47
2.965
2.989
3.085
2.873
2.424
2.801
3.066
3.698
3.379
3.335
3.014
2.618
2.876
2.819
2.648
2.437
2.536
2.854
2.507
2.398
2.357
3.064
2.718
2.905
2.83
2.491
2.581
2.463
2.8
3.153
3.183
4.975
4.168
4.177
4.629
4.924
5.199
4.839
3.659
4.059
2.762
3.69
3.569
3.288
2.825
3.218
2.071
2.058
1.627
1.785
1.132
1.286
.777
1.461
1.646
.538
.681
.882
1.791
1.907
1.37
1.371
1.205
1.589
1.415
.688
.366
1.337
.555
2.154
2.265
1.691
.991
.758
2.034
3.019
2.272
1.157
1.855
1.976
2.101
2.641
5.108
2.969
2.157
3.421
3.964
4.645
4.642
3.833
3.813
3.922
4.332
3.557
3.59
4.043
4.504
3.737
4.51
5.145
4.179
4.371
4.639
4.76
4.25
3.682
4.375
4.775
4.163
4.744
4.861
4.979
5.742
5.017
4.668
4.004
4.393
3.142
2.994
2.961
3.092
2.738
2.616
2.798
2.899
3.152
3.24
3.083
2.802
3.204
3.226
3.415
3.328
3.25
2.604
2.564
2.211
2.053
2.017
2.308
2.377
2.372
2.395
2.802
2.705
2.997
2.94
3.04
3.153
3.35
3.24
3.541
3.763
2.927
3.202
3.265
3.527
3.627
3.625
4.161
3.92
4.213
4.344
3.918
3.994
4.158
3.89
3.425
3.113
3.319
3.625
3.893
3.955
3.812
3.553
3.627
3.507
3.441
3.432
3.76
3.659
3.651
3.616
3.616
3.457
3.128
2.903
2.988
2.644
2.836
2.964
2.879
2.518
2.457
2.316
2.556
2.703
2.704
2.652
2.471
2.605
2.851
3.349
3.165
3.251
3.374
3.79
3.705
3.827
4.057
4.046
4.471
3.935
4.359
4.091
3.795
3.815
3.484
3.862
4.213
4.201
4.451
4.225
3.904
4.257
4.18
4.304
4.542
4.235
4.013
3.942
3.907
3.926
3.729
3.981
3.769
3.623
3.376
3.136
3.311
3.354
3.726
3.893
3.958
3.912
3.708
3.908
3.443
3.584
3.457
3.436
3.596
3.643
3.711
3.528
3.455
3.375
3.155
3.482
2.946
3.52
3.552
3.804
4.013
3.868
3.634
3.451
3.217
3.488
3.461
4.082
4.264
4.403
4.448
3.263
3.294
3.621
3.842
3.501
3.576
3.995
3.972
3.056
2.908
2.69
3.562
2.246
2.565
2.89
3.588
3.586
3.1
2.598
1.935
1.47
1.096
.987
.76
.634
1.117
1.257
1.935
2.073
1.791
1.631
1.798
1.348
1.307
1.526
1.72
1.779
1.546
1.156
1.222
1.575
1.236
1.683
3.034
2.552
2.421
3.514
2.54
2.469
2.056
2.741
2.408
2.672
2.358
2.772
3.313
4.554
4.531
4.636
4.285
4.263
4.815
4.833
6.321
9.22
9.2
7.51
9.27
9.87
10.59
10.96
10.1
8.93
9.57
7.99
8.01
7.26
8.64
7.54
7.12
6.99
8.32
8.76
8.49
7.88
7.63
7.02
6.044
8.99
7.64
8.09
7.87
7.32
9
7.97
8.18
8.32
7.9
8.73
8.69
9.07
8.22
8.48
8.17
8.32
7.13
8.04
8.05
7.74
7.84
6.459
6.996
6.736
6.512
6.398
5.363
4.808
5.84
4.972
4.928
4.954
5.319
5.07
4.485
4.084
4.621
5.022
4.336
3.047
4.113
3.201
3.052
3.097
2.682
2.658
2.129
2.008
1.354
2.676
3.002
2.814
2.939
2.822
3.148
3.097
2.464
1.915
1.662
1.713
1.961
2.149
2.151
1.846
2.07
2.061
2.125
2.082
2.206
2.303
2.446
2.31
1.924
1.49
2.001
2.132
2.059
1.921
1.926
2.296
2.386
2.199
1.957
2.343
2.639
3.425
3.274
2.254
2.468
2.191
2.651
2.959
3.059
3.118
3.042
3.316
3.338
3.669
4.055
4.439
4.787
4.832
5.367
4.925
4.997
5.076
5.946
6.343
5.838
5.559
5.781
5.813
5.271
5.949
5.662
5.96
5.741
5.983
5.982
5.713
5.93
5.599
5.732
6.041
5.897
5.662
5.609
5.235
5.01
4.435
4.615
4.086
4.442
4.325
4.514
4.618
5.062
5.327
5.878
6.501
6.083
6.026
6.302
6.245
6.051
6.169
5.485
5.686
5.486
5.26
5.186
5.769
5.275
5.569
4.925
4.017
4.538
5.091
5.433
4.623
5.249
5.509
5.144
5.098
4.999
4.826
4.718
4.372
4.644
4.899
5.181
5.092
5.156
5.126
5.305
5.063
5.192
4.72
4.559
4.564
4.369
4.58
4.871
5.017
5.037
5.181
4.918
5.082
5.356
5.501
5.105
5.266
5.99
6.156
6.197
6.287
6.001
6.206
5.646
5.503
5.753
5.673
5.654
5.334
5.679
5.109
5.298
4.876
4.947
4.824
4.818
4.911
4.98
5.179
5.693
5.41
5.457
5.652
6.29
5.579
6.102
6.316
5.986
6.151
4.624
6.796
6.686
6.204
6.416
7.45
7.85
9.02
7.33
7.1
7.9
6.87
8.4
9.54
9.4
9.17
10.59
11.04
10.46
11.53
11.07
9.87
11.28
11.68
10.2
10.09
10.01
10.31
11.48
11.13
10.68
10.99
10.16
10.38
9.89
9.78
9.74
9.72
9.05
9.03
8.69
11.04
9.04
9.17
10.11
9.72
11.54
8.72
10.93
9.73
9.74
11.18
10.34
11.05
10.12
9.15
8.82
10.49
8.75
8.79
10.52
11.21
11.01
10.51
10.39
11.57
10.44
10.59
11.41
9.19
9.82
9.45
10.51
10.6
9.13
10.01
10.63
11.34
8.28
7.89
10.51
8.2
10.6
9.56
9.41
9.36
9.62
9.28
8.23
9.75
9.03
8.87
8.99
8.99
9.15
8.26
8.95
8.25
8.74
8.24
8.37
6.743
8.62
8.81
8.18
8.86
7.94
6.171
7.04
7.43
6.584
5.79
5.993
5.219
4.865
5.419
4.322
3.935
3.913
3.74
3.41
3.446
3.387
3.373
3.623
3.518
3.295
3.045
3.082
3.426
3.676
3.806
3.91
3.983
4.223
4.25
4.101
3.84
3.576
3.518
3.353
3.105
2.801
3.197
2.991
3.417
3.471
3.462
3.209
2.693
2.671
2.665
2.965
2.784
2.932
2.973
2.883
2.801
2.561
2.577
2.854
2.936
2.838
2.748
2.855
2.522
2.726
2.425
2.477
2.548
2.425
2.353
2.292
2.198
2.298
2.417
2.562
2.665
2.188
2.461
2.627
3.172
3.023
3.713
4.898
4.403
4.436
4.143
4.314
4.466
4.502
3.654
3.493
3.731
3.905
3.678
3.448
3.742
3.627
3.559
3.696
4.074
4.003
4.207
4.239
4.235
3.707
3.812
3.708
3.403
3.58
3.9
4.326
4.628
4.256
3.983
4.526
4.451
4.031
4.302
4.547
4.392
4.278
4.318
4.896
4.862
4.983
5.126
4.687
4.892
4.786
5.261
4.941
5.143
5.511
5.92
5.686
5.669
5.58
5.229
4.757
4.844
4.823
4.826
4.693
4.512
4.392
4.106
3.876
3.889
3.617
3.589
3.483
3.71
3.743
3.634
3.464
3.389
3.408
3.109
3.386
3.287
3.235
3.339
3.198
2.961
2.783
2.707
3.142
3.15
2.926
2.629
3.162
2.948
2.928
3.142
3.24
3.379
2.96
3.156
2.816
2.876
3.277
3.256
3.176
3.411
3.445
2.993
3.337
3.912
4.337
4.018
3.501
3.009
3.449
3.47
3.521
3.063
2.283
2.22
1.973
1.965
1.404
1.725
5.236
4.939
5.382
4.778
4.784
5.48
6.082
4.617
4.12
4.618
4.429
5.398
4.293
5.037
4.161
5.112
5.892
4.938
6.378
6.582
7.07
6.333
6.846
6.504
7.18
5.799
6.332
6.147
6.136
6.887
7.37
8.13
7.75
5.411
5.877
5.159
6.49
5.693
5.61
5.118
4.607
5.757
5.558
4.858
4.561
3.579
4.652
5.6
5.344
3.524
4.72
4.051
4.886
4.71
4.593
4.573
4.13
3.814
3.767
5.15
3.384
2.99
3.83
4.763
3.269
2.883
4.469
4.129
4.72
4.471
1.988
3.304
3.611
3.694
3.73
4.611
4.479
4.395
4.065
4.034
4.766
3.613
3.084
4.386
4.515
4.789
3.979
4.279
4.761
4.784
3.947
3.778
3.709
4.312
3.882
4.045
3.774
3.46
3.349
3.073
2.932
2.926
3.059
2.986
2.835
2.611
2.589
2.541
2.143
2.211
2.506
2.428
2.538
2.574
2.704
2.455
2.444
2.348
2.44
2.22
2.444
2.27
2.304
2.502
2.647
2.862
3.256
3.394
3.305
3.098
2.961
2.875
3.225
3.139
3.315
3.565
3.365
3.37
3.284
3.167
3.472
3.697
3.759
3.271
3.196
3.926
3.701
3.911
3.783
3.941
4.619
4.151
3.671
3.713
3.919
3.748
3.764
4.216
3.712
3.677
3.715
3.491
3.288
3.66
3.771
4.087
3.935
4.028
4.316
4.367
3.988
4.115
3.732
3.895
4.097
3.89
4.218
4.131
4.46
4.427
4.135
4.073
4.19
4.507
4.395
4.487
4.306
4.445
4.505
4.958
4.853
4.727
5.121
5.521
5.781
5.632
5.3
5.261
5.505
4.887
4.924
4.826
4.238
4.308
4.252
4.378
4.393
4
3.836
4.037
4.016
4.324
4.124
4.396
4.46
4.686
4.436
4.447
4.842
4.971
4.739
4.737
4.659
4.745
4.646
4.505
4.063
4.507
4.832
4.966
5.014
4.949
5.02
4.312
4.639
4.919
4.01
3.801
3.615
3.196
3.343
3.045
2.798
2.747
3.221
3.375
3.605
3.579
3.469
4.146
4.233
4.498
4.498
4.041
4.069
4.062
3.767
3.653
3.441
3.41
3.112
3.447
3.755
3.8
4.224
4.124
4.426
4.266
4.511
3.975
4.293
4.377
4.073
4.291
4.105
4.178
4.486
4.176
3.32
3.56
3.423
3.694
3.548
3.643
3.596
3.207
2.88
2.999
2.883
2.833
3.773
4.816
4.73
4.323
5.181
4.632
4.587
3.761
4.392
4.022
4.755
4.375
3.216
3.307
3.145
3.365
3.998
3.616
4.104
3.929
3.602
3.95
4.297
4.301
4.339
3.958
4.783
4.775
3.99
3.589
4.153
4.538
3.025
4.161
3.905
4.061
4.731
3.904
3.704
4.851
4.213
3.304
3.895
4.231
3.183
3.85
4.845
4.999
4.571
4.463
5.573
4.527
4.318
3.82
5.739
4.683
4.54
5.66
4.651
5.612
4.926
5.051
4.899
5.099
5.208
4.769
4.716
4.224
4.918
5.231
4.029
5.687
5.19
4.89
5.323
4.825
4.786
4.871
4.847
5.36
5.614
5.605
5.954
5.614
5.592
4.806
4.659
4.84
3.362
3.432
3.179
2.734
2.386
1.928
2.097
2.099
1.676
1.54
1.544
2.124
1.973
1.932
1.958
2.001
1.92
2.197
2.209
2.294
2.708
2.414
2.356
2.157
2.27
2.024
2.106
2.404
3.174
3.524
3.923
3.654
4.038
4.189
4.491
4.053
3.976
4.024
4.205
4.041
3.929
4.031
3.832
3.905
3.969
3.825
4.658
4.377
4.061
3.936
4.094
4.1
3.353
3.705
3.87
3.654
3.568
3.919
4.234
4.158
3.975
3.971
3.996
3.751
3.753
3.734
3.619
3.756
4.102
4.176
4.258
3.892
4.116
4.418
3.984
3.814
3.92
4.065
4.027
4.08
3.713
4.284
4.379
4.195
3.609
3.66
3.279
3.823
4.151
4.38
4.139
4.016
3.983
3.556
3.347
4.092
4.008
3.957
3.932
3.835
3.483
3.45
2.993
3.29
3.562
3.588
3.565
3.582
4.018
3.85
3.786
3.833
4.086
4.15
4.091
3.667
3.376
3.808
3.895
3.963
4.554
4.642
4.154
3.866
3.738
3.619
3.909
4.164
4.285
4.058
4.107
4.206
4.257
4.025
4.156
4.546
4.338
3.697
3.178
3.952
4.16
3.781
4.341
4.417
4.452
4.236
4.178
4.829
4.863
4.482
4.238
4.105
4.097
3.993
4.446
4.684
4.918
4.852
4.867
4.749
4.636
4.224
3.579
3.616
4.192
3.832
3.791
4.119
3.993
3.617
3.103
2.539
2.312
2.181
1.675
1.704
1.305
1.218
1.662
2.165
2.451
2.878
4.114
4.955
4.278
3.943
5.189
5.326
6.591
5.918
6.369
6.903
7.22
7.06
7.06
7.17
7.93
9.01
8.69
8.86
8.58
8.64
9.16
8.86
9.27
9.47
10.23
11.41
8.14
8.96
11.47
12.14
11.28
12.31
10.58
12.69
12.07
11.54
10.69
11.14
13.24
11.83
11.91
11.24
12.12
13.15
11.27
13.19
11.64
13.22
13.18
13.69
11.59
10.73
11.87
11.33
10.95
11.5
11.37
12.97
11.93
12.13
9.96
12.96
13.35
12.22
11.4
10.66
12.57
13.64
11.53
10.87
11.58
11.75
12.74
13.68
13.44
13.58
14.01
13.65
12.95
12.08
11.98
11.53
12.87
12.56
11.74
11.51
12.64
13.87
13.36
12.53
12.27
11.49
13.86
13.41
12.67
13.27
11.48
13.34
11.66
11
11.78
11.91
13.09
11.22
11.7
11.84
11.95
10.72
9.8
10.05
10.79
11.66
11.72
9.05
10.74
9.83
9.57
8.76
7.68
8.34
8.51
8.33
7.27
7.5
7.35
7.07
6
5.829
6.225
7.13
6.638
7.51
6.831
7.44
7.5
7.19
7.54
7.5
7.6
7.74
8.14
6.787
6.351
5.681
5.904
6.17
6.615
6.166
6.086
6.097
5.903
5.084
4.874
4.932
4.481
5.234
5.552
5.326
5.022
5.06
5.179
5.129
5.3
5.568
5.9
5.854
5.659
5.563
5.252
5.623
4.798
4.234
4.118
4.306
4.096
4.345
4.513
5.004
5.127
5.137
5.181
5.587
5.418
3.974
3.833
4.782
4.425
4.653
4.573
4.76
4.922
5.241
5.537
5.573
5.701
5.509
5.508
5.491
5.598
5.862
5.665
5.145
5.41
5.533
5.418
5.356
6.162
5.733
5.658
5.488
5.399
5.06
5.014
5.127
5.389
5.824
5.619
5.868
5.259
5.701
6.134
6.323
6.754
6.414
6.227
6.183
6.106
5.684
5.469
5.671
5.885
6.578
6.709
7.39
6.47
6.366
6.596
5.72
5.392
5.613
4.934
4.959
4.792
4.822
4.593
4.256
4.214
3.88
3.738
3.475
4.255
4.381
4.425
4.893
5.091
4.979
5.862
5.231
4.93
5.343
5.28
5.351
4.781
5.199
5.236
3.878
4.782
5.076
6.005
5.999
4.817
4.17
3.572
3.861
3.419
3.431
3.896
3.74
3.587
4.2
4.481
4.611
5.038
4.698
4.867
4.538
4.716
4.332
3.8
4.088
4.548
4.766
4.541
3.684
4.26
4.113
4.005
3.518
3.255
3.407
3.495
3.381
3.23
2.955
2.657
2.781
2.978
2.698
2.266
2.862
2.638
2.243
2.367
1.398
1.747
1.692
1.16
1.872
2.654
1.423
1.769
3.165
4.935
3.766
4.288
4.275
4.018
4.384
4.567
3.689
4.821
5.124
5.034
3.46
3.423
4.745
6.233
3.776
5.033
5.512
5.261
6.373
5.825
4.785
5.733
5.007
6.005
4.755
4.281
3.425
2.219
2.254
3.447
2.935
3.18
5.526
5.082
3.817
4.315
4.233
2.529
3.388
1.742
1
2.157
3.746
5.582
5.949
4.903
3.664
2.035
1.419
1.984
2.26
.441
.634
1.886
3.595
2.58
3.23
3.14
2.24
.45
1.777
3.322
.88
.8
1.182
1.79
1.547
2.625
3.134
4.547
4.869
2.962
5.948
6.206
6.151
5.677
7.14
6.453
6.483
5.514
4.774
4.363
4.031
4.203
3.766
3.95
3.656
3.321
2.754
2.341
3.262
3.299
3.419
3.666
3.209
3.429
3.559
3.223
3.908
4.606
5.294
5.955
6.13
6.23
6.294
5.714
5.648
5.326
4.019
3.658
2.542
2.459
5.69
6.092
5.766
6.181
6.452
5.355
4.971
4.875
4.75
4.137
4.601
4.471
4.846
4.524
4.361
4.446
3.6
3.971
4.422
5.111
5.159
5.124
5.059
6.505
6.712
5.434
5.276
5.506
5.395
5.639
5.519
5.419
5.36
5.23
5.623
5.553
5.372
5.201
4.987
4.532
4.392
4.081
4.01
4.091
3.91
3.355
3.386
3.344
3.502
3.325
3.127
3.283
3.44
3.265
3.147
3.029
3.558
3.407
3.345
2.911
3.032
3.226
3.258
3.448
3.218
3.537
3.818
4.247
4.407
4.11
4.393
4.349
4.29
4.168
4.065
4.728
4.238
4.025
4.748
4.822
4.47
4.387
4.463
3.96
3.972
4.229
4.054
3.841
3.98
3.887
3.993
4.146
3.953
3.967
3.508
3.307
3.202
3.289
3.733
3.434
3.618
3.643
3.978
4.006
3.884
3.2
3.188
3.62
4.238
4.66
3.997
3.926
3.684
3.483
3.146
2.815
2.943
3.135
3.138
2.934
2.619
2.612
3.155
3.212
3.476
3.16
3.442
3.438
3.569
3.515
3.869
3.392
4.042
3.869
4.317
4.841
4.357
4.382
5.181
5.183
6.152
4.706
4.574
5.86
5.919
5.985
5.73
5.666
5.825
5.123
5.441
5.032
4.892
5.359
5.464
5.659
4.236
4.701
4.928
5.493
5.464
5.443
4.894
5.577
4.794
5.137
5.235
5.494
4.966
4.836
4.888
4.596
5.248
5.26
5.152
4.624
4.415
4.356
4.006
4.989
4.458
4.9
5.116
4.595
4.488
5.023
4.231
4.304
4.324
5.125
4.439
4.003
5.455
4.772
5.415
4.604
6.079
5.935
5.136
4.655
5.096
4.479
5.066
5.475
5.227
4.134
4.528
4.795
5.74
4.732
5.292
5.108
4.634
4.731
5.112
6.5
5.344
5.71
5.397
4.591
4.845
5.358
4.877
4.811
4.957
5.178
5.758
4.714
4.939
5.326
4.871
5.407
6.18
4.343
5.169
5.84
5.692
5.316
4.434
4.192
5.796
4.875
5.502
4.806
5.138
4.438
4.665
4.914
4.199
3.95
3.846
3.798
3.707
3.735
3.778
3.64
3.324
2.855
3.289
3.237
3.103
2.785
2.415
2.666
2.558
2.699
2.946
2.887
2.813
2.738
2.635
2.956
3.269
3.177
3.267
2.918
2.797
2.841
3.088
3.208
3.639
4.169
4.521
4.656
4.241
4.181
4.013
3.538
3.179
3.231
3.523
3.932
4.326
4.875
4.657
4.532
4.184
4.37
4.161
3.795
3.754
3.733
4.24
4.282
3.953
3.976
3.679
3.587
3.669
3.848
3.464
3.188
3.377
3.22
3.454
4.059
4.604
5.118
5.198
5.221
5.759
5.372
5.014
5.326
5.11
5.299
4.934
4.988
4.851
4.401
4.546
4.633
4.356
4.526
4.731
5.238
5.446
6.295
7.23
7.36
7.07
7.49
7.77
7.17
6.586
6.047
5.658
5.741
5.11
5.454
5.251
6.274
6.439
6.917
7.38
6.972
7.25
7.09
7.55
7.02
7.08
7.34
7.49
7.15
7.57
7.21
7.02
6.941
7.26
7.05
5.839
6.971
6.649
6.956
6.73
5.432
4.877
5.507
5.755
5.353
4.869
4.773
4.325
4.047
4.504
4.979
4.856
4.524
4.959
4.56
4.348
4.748
4.267
4.375
4.69
4.586
4.866
4.455
4.777
5.002
4.873
4.326
4.747
4.588
4.583
4.239
4.194
4.062
4.942
4.29
4.418
4.416
4.555
4.669
4.134
4.578
4.485
4.714
5.434
4.512
4.781
4.636
4.875
4.517
4.437
3.903
3.541
3.789
3.412
3.769
3.919
3.653
3.137
3.371
3.857
3.858
3.032
3.616
4.092
3.771
3.848
4.025
3.396
3.376
3.148
2.969
4.176
4.484
4.63
3.863
4.398
4.03
3.969
3.48
4.661
4.272
4.859
3.393
4.144
5.402
5.343
5.529
6.635
6.287
4.976
4.632
6.043
6.647
6.037
5.895
5.134
5.581
4.301
3.697
4.343
2.923
3.134
2.234
2.028
4.798
5.901
6.273
6.074
5.603
4.309
5.8
5.218
4.32
4.253
3.814
5.146
4.425
5.118
3.997
5.156
6.754
6.242
6.622
5.498
5.815
5.516
5.993
7
6.265
5.229
4.719
4.775
4.9
4.746
3.437
3.09
3.122
3.441
3.133
3.063
2.691
2.818
1.856
1.773
2.389
2.514
1.952
1.586
.531
.856
2.017
1.928
1.859
2.516
3.13
3.746
3.424
2.794
2.598
2.206
2.397
2.951
3.264
5.536
8.88
9.59
7.72
5.631
5.467
4.131
3.566
2.905
2.843
3.215
1.975
1.911
1.725
1.341
1.079
1.562
2.551
2.418
2.21
2.086
2.095
2.017
1.959
2.534
2.274
1.524
1.734
1.78
1.893
2.122
2.759
2.887
2.998
2.747
2.788
2.926
3.291
3.745
3.887
3.983
3.698
3.527
2.955
3.1
2.479
2.653
2.81
2.752
2.455
2.348
2.469
2.512
2.468
1.754
1.725
1.919
2.508
3.029
3.031
2.541
2.397
1.85
1.848
2.022
1.843
1.764
1.83
2.125
2.416
2.32
2.176
2.203
2.415
2.547
2.719
2.37
2.664
2.132
2.553
2.867
2.492
2.29
2.288
2.16
2.382
2.381
2.365
2.823
2.533
2.118
1.98
2.348
2.435
2.349
2.431
2.374
2.257
2.251
2.444
2.573
2.728
3.104
3.256
3.081
2.739
2.524
2.526
2.531
2.689
2.685
2.509
2.55
2.607
2.765
2.529
2.252
2.114
1.472
1.991
2.162
2.246
2.559
2.629
2.377
2.398
2.614
2.687
2.668
2.887
3.071
3.133
2.967
3.219
3.06
3.106
3.177
3.285
3.235
3.064
3.041
3.236
3.481
3.411
3.312
3.022
3.457
3.277
3.257
2.738
3.098
3.198
3.313
2.951
2.788
2.802
2.781
2.579
2.805
2.834
2.803
3.254
3.098
3.351
3.75
3.751
3.509
3.852
4.051
3.872
3.846
4.207
3.983
3.447
3.536
3.926
3.832
4.056
3.569
3.48
3.504
3.281
3.142
3.006
3.403
4.126
4.576
4.445
4.418
5.417
5.332
5.483
5.095
5.258
5.845
7.07
7.38
7.71
7.85
7.05
8.37
8.23
7.23
6.987
7.35
8.12
7.2
8.76
8.58
8.68
7.16
9.39
9.92
10.74
9.84
9.26
8.97
10.34
9.96
9.82
9.66
9.96
9.35
9.53
10.41
10.68
9.6
10.61
9.64
9.3
9
9.9
9.7
10.31
10.72
9.35
9.29
9.68
11.14
8.66
9.49
9.13
9.74
9.83
10.6
10.04
9.98
9.44
9.24
9.49
9.4
10.27
8.28
7.42
8.66
9.63
9.82
9.19
11.13
9.98
9.28
8.89
7.62
9.23
9.01
8.68
9.41
9.71
7.48
8.06
9.06
8.6
7.01
7.37
7.24
9.05
9.73
8.89
8.17
7.35
7.14
5.033
2.847
2.807
4.858
6.895
5.852
5.297
5.217
4.233
2.869
1.987
2.079
3.274
4.744
4.635
4.931
4.419
4.436
5.121
3.673
3.673
5.345
5.679
5.056
4.344
4.255
3.93
4.291
4.055
3.601
3.177
3.052
3.31
3.221
3.229
2.71
2.601
2.442
2.35
2.276
2.189
2.761
2.7
2.923
3.066
3.138
3.253
3.264
3.289
2.859
3.501
3.493
3.449
3.204
3.011
2.745
1.779
1.786
2.239
2.289
2.098
2.499
2.769
2.891
3.675
3.658
3.837
4.098
3.491
3.227
3.539
3.451
3.467
3.247
3.083
3.248
3.265
4.155
4.394
4.317
4.306
4.307
4.122
3.582
3.246
3.431
3.224
3.435
3.677
4.47
4.639
4.601
4.66
4.43
4.719
4.775
4.781
4.373
4.746
4.15
4.331
3.906
3.944
4.406
4.301
4.194
4.684
4.297
3.704
3.525
4.159
4.222
4.149
4.131
4.106
3.745
3.564
3.891
3.444
3.591
3.517
3.551
3.446
3.451
3.148
2.905
2.779
3.232
3.336
3.449
3.557
3.734
3.754
3.892
3.63
3.145
3.175
3.56
3.778
3.838
3.94
4.414
4.597
4.054
3.432
3.598
3.255
3.197
2.937
2.813
2.761
2.464
3.111
2.736
2.609
2.71
3.008
3.184
2.719
3.042
3.722
3.603
3.377
3.711
4.3
4.194
4.337
3.789
3.698
3.967
3.703
3.921
3.895
4.171
3.88
4.089
4.368
4.397
4.269
4.209
4.301
3.876
3.433
3.632
3.99
3.74
3.605
3.513
3.9
3.75
3.644
3.36
3.67
3.685
3.979
3.885
4.655
4.712
4.929
4.593
5.479
5.075
6.142
6.106
5.691
5.138
5.318
5.8
5.66
5.323
5.337
5.084
5.432
5.349
5.677
5.218
5.085
4.955
4.567
4.994
5.656
5.965
6.137
6.093
5.355
5.479
6.497
5
5.564
6.198
6.899
6.806
6.203
6.926
6.35
6.764
5.571
6.42
6.402
6.481
7.02
6.814
6.711
6.7
6.308
6.126
7.5
7.01
6.65
6.139
6.79
7.39
9.04
9.26
7.82
7.43
11.18
12.47
13.31
13.2
10.67
12.77
12.03
11.92
12.51
13.17
10.9
13.31
11.81
12.61
12.74
12.38
12.02
11.91
12.56
13.58
10.67
13.01
12.8
12.11
12.56
12.77
11.22
11.38
11.1
10.5
11.24
10.6
11.13
10.33
11.38
11.95
10.31
9.32
10.35
9.39
11.11
10.01
8.22
9.4
8.77
9.21
9.51
6.465
8.04
9.61
8.02
8.55
7.19
8.28
7.86
7.5
8.32
7.55
8.29
8.04
7.21
7.36
7.03
7.73
8.37
7.12
9
8.02
7.72
7.84
7.54
8.18
8.35
8.1
8.43
9.01
9.4
9.52
9.49
8.7
8.45
7.84
8.52
7.44
7.79
8.59
8.49
8.34
9.48
9.43
9.32
9.09
9.14
8.44
7.96
9.31
8.9
9.5
9.16
8.06
7.41
7.58
6.465
6.374
6.439
5.964
5.866
5.757
5.136
5.651
4.833
