2.903
3.208
3.06
3.026
2.828
2.773
2.669
2.728
2.709
2.679
2.77
2.914
3.176
3.402
3.552
3.935
3.855
3.72
3.503
3.841
3.8
3.438
3.224
3.392
3.659
2.989
3.344
4.849
5.165
4.971
4.523
5.116
5.192
5.184
4.657
4.527
4.52
4.785
4.581
4.363
4.148
3.799
3.886
3.818
3.791
3.75
4.219
4.255
5.452
5.363
5.604
6.138
5.782
6.217
6.55
6.774
7.5
7.42
7.08
7.04
6.641
6.842
6.544
5.893
5.74
5.117
5.031
5.102
4.911
5.961
6.855
6.456
6.004
5.831
6.811
7.4
7.81
7.83
7.91
7.01
6.712
6.359
5.51
5.812
5.481
5.288
5.006
4.385
3.776
3.54
3.482
3.442
3.022
2.818
2.894
2.654
3.121
2.982
3.262
3.676
4.175
4.385
4.353
3.944
4.739
4.467
4.164
4.208
5.275
6.185
6.026
5.743
5.487
5.923
6.273
4.89
5.459
5.564
5.399
6.783
6.625
8.17
6.935
7.1
7.62
8.5
7.68
9.26
8.46
7.25
7.75
7.22
7.63
8.19
7.5
7.76
7.52
8.21
8.54
7.92
7.42
7.13
7.42
7.59
6.295
7.29
6.328
6.312
7.16
6.372
5.634
6.381
5.943
5.937
5.098
4.873
3.686
5.367
4.159
4.55
4.491
4.239
4.683
3.307
4.272
3.066
3.472
3.335
3.331
3.59
4.279
2.837
3.225
2.258
2.155
3.321
2.973
2.429
3.743
3.543
2.898
2.409
2.4
1.588
1.525
2.047
1.108
2.133
1.904
2.349
1.754
1.758
2.368
1.803
.904
1.574
2.59
1.83
1.826
2.655
2.108
2.284
2.799
1.716
2.359
3.647
1.994
2.723
1.835
2.428
1.827
1.642
1.854
2.091
2.512
2.144
1.526
1.623
1.816
2.121
1.803
1.7
1.914
1.978
2.338
2.366
2.507
2.307
2.321
2.706
2.692
2.956
2.936
2.539
2.586
2.675
2.771
2.635
2.729
2.729
3.097
2.882
2.973
2.952
2.969
2.65
2.595
2.693
2.748
2.983
3.048
3.02
2.909
2.589
2.652
2.871
3.26
3.309
2.763
2.939
2.809
2.964
3.142
3.217
3.472
3.271
3.151
3.059
3.382
3.408
3.252
3.037
3.111
2.96
2.972
3.158
2.907
2.883
2.647
2.598
3.36
3.154
3.728
3.256
3.101
3.171
3.33
3.696
3.818
3.606
3.518
4.01
3.401
2.994
3.611
3.9
4.231
4.427
4.387
3.92
3.916
4.09
3.768
3.909
3.556
3.554
3.85
3.612
3.712
3.721
3.589
4.13
4.34
4.339
4.132
4.272
4.655
4.711
5.434
4.888
4.78
4.594
4.356
4.059
3.747
4.043
4.578
4.837
5.35
5.852
5.383
5.065
4.826
5.094
4.708
5.075
4.861
5.183
5.069
4.695
4.685
4.598
4.962
4.98
4.52
4.96
5.066
4.919
4.931
5.485
5.319
5.21
5.651
6.262
6.502
6.092
5.898
6.184
6.247
6.265
5.967
5.765
5.936
6.017
5.638
6.29
6.578
6.406
6.453
6.711
6.395
5.37
6.008
5.44
4.897
4.654
4.548
4.667
4.852
4.813
5.166
5.408
5.53
5.826
5.654
5.982
6.564
6.642
6.948
6.731
6.61
6.675
6.328
6.638
6.568
6.43
5.779
5.94
6.176
6.584
6.532
6.818
6.3
6.043
5.463
5.592
6.954
6.65
6.387
5.748
6.677
6.887
6.631
6.517
5.936
5.868
6.197
6.205
6.189
5.771
5.7
5.781
5.662
6.227
5.99
5.684
6.016
6.215
5.735
6.279
6.386
6.142
5.734
5.855
6.108
5.723
5.499
5.636
6.086
6.337
5.954
5.354
5.336
4.83
6.344
6.196
5.943
5.83
4.977
5.352
4.869
5.177
5.338
6.515
5.799
6.339
5.036
6.029
5.339
4.882
6.344
4.732
5.844
5.072
7.02
6.469
5.557
5.756
6.8
7.19
5.887
6.147
6.279
6.637
6.834
7.07
6.621
7.84
7.96
7.44
7.29
8.42
7.89
8.3
7.77
7.49
7.22
8.07
8.02
8.32
6.126
6.631
6.93
6.733
6.706
6.634
6.145
6.089
4.509
6.122
5.57
4.635
4.874
6.438
6.559
5.596
4.97
5.066
5.679
6.48
5.724
4.925
4.493
4.884
4.45
4.183
4.033
3.658
3.573
3.578
3.534
3.573
3.282
3.417
3.238
3.564
3.501
3.162
3.612
3.836
3.911
3.778
3.427
3.601
3.804
3.907
4.235
5.282
5.313
6.048
6.492
5.676
4.861
4.26
4.031
4.173
3.978
4.349
4.198
4.423
3.511
3.736
3.623
3.791
4.269
4.801
4.175
3.771
3.935
3.934
3.784
4.04
4.276
4.464
4.091
3.782
3.934
3.779
3.872
3.985
3.971
3.518
3.719
3.796
4.157
4.203
3.719
3.47
3.209
3.443
4.106
3.961
3.877
3.813
4.181
4.262
3.943
3.433
3.044
3.292
3.883
3.814
3.662
3.855
4.213
4.878
4.82
4.637
4.413
4.434
4.395
4.695
4.626
5.696
5.258
4.688
4.76
4.992
5.202
5.055
5.017
4.94
5.24
4.535
4.463
4.375
4.821
5.651
5.488
4.823
5.144
4.673
4.644
4.213
4.708
4.754
4.955
4.663
4.845
5.427
4.987
4.859
4.83
4.489
2.966
2.923
3.793
4.114
4.098
4.116
5.062
5.463
5.562
5.315
5.202
5.17
5.365
5.859
6.15
6.567
6.704
6.742
7.19
7.72
7.85
7.76
7.51
7.61
8.06
8.81
9.18
8.44
9.54
9.04
8.89
9.16
8.88
8.29
8.6
8.14
8.36
8.26
8.49
8.14
9.11
9.52
9.35
9.35
8.83
9.61
10.27
10.27
10.65
10.99
9.85
10.13
9.72
10.84
9.56
11.05
11.85
11.1
10.36
9.22
9.4
9.31
9.17
9.47
9.5
9.98
10.75
9.45
9.29
8.53
9.3
8.78
9.57
10.55
9.04
9.24
8.59
9.52
9.38
9.15
8.57
9.07
7.38
8.04
7.77
7.57
6.763
7.55
7.24
6.951
7.42
6.803
6.511
7.28
6.756
5.57
6.948
5.909
6.912
5.126
5.074
5.322
5.66
5.497
4.512
4.127
4.996
4.601
3.339
3.868
4.796
4.244
2.833
3.971
3.897
3.264
3.672
2.252
2.48
3.042
3.159
2.257
2.783
2.237
3.201
3.523
3.361
3.102
2.402
3.291
2.389
3.43
3.498
2.518
1.344
.951
2.536
1.405
1.738
1.69
2.819
2.399
2.414
1.494
2.287
1.895
.975
.556
.958
.614
1.789
1.384
.928
1.23
2.551
1.176
1.997
2.037
2.448
1.906
1.573
2.357
2.618
2.361
2.337
2.327
2.484
2.208
2.16
2.495
2.602
2.489
2.159
2.301
2.42
2.326
2.165
2.196
2.104
1.893
2.189
2.161
2.163
2.278
2.105
2.457
2.26
2.103
1.823
1.998
2.109
2.284
2.296
2.466
2.225
2.407
2.601
2.453
2.263
2.471
2.378
2.396
2.769
2.837
2.878
2.789
2.818
3.079
2.922
3.027
3.265
3.122
3.275
3.459
3.634
3.528
3.56
3.587
3.655
3.449
3.127
3.292
3.201
3.438
3.434
3.41
3.088
2.793
2.867
3.136
3.569
3.558
3.276
3.208
3.397
3.583
3.436
3.603
3.746
3.876
4.202
4.398
4.424
4.465
4.107
3.98
3.999
3.936
3.785
3.777
3.954
4.374
4.308
4.12
3.931
3.978
3.72
3.723
3.862
4.149
4.46
4.254
4.298
3.887
4.239
3.524
3.333
3.42
3.406
3.51
3.493
3.532
3.601
3.861
3.955
4.026
3.811
3.909
3.981
3.813
3.505
3.505
3.6
3.985
4.196
3.844
3.946
4.025
3.954
3.59
3.576
3.363
3.412
3.495
3.424
3.138
3.034
3.007
3.046
3.235
3.379
3.394
3.422
3.306
3.375
3.1
2.957
3.228
3.297
3.482
3.544
3.475
3.494
3.42
3.172
2.627
2.283
2.222
2.283
2.194
2.246
2.568
2.968
2.966
2.612
2.569
2.598
2.145
2.244
2.448
3.093
3.458
3.752
3.757
4.173
4.939
5.448
5.529
5.892
6.213
6.724
6.923
6.591
7.81
8.48
9.26
9.47
9.61
9.13
9.63
9.23
9
7.76
8.28
8.22
7.61
7.04
7.77
8.4
7.81
7.9
8.67
8.86
8.02
8.02
9.1
7.96
7.67
7.95
7.46
7.44
7.22
8.23
6.807
7.18
6.864
8.45
7.39
7.45
6.791
7.33
7.3
6.477
6.291
5.766
6.306
7.26
6.547
6.469
5.906
5.737
6.717
6.373
6.063
6.375
5.575
6.354
5.803
5.731
6.263
5.83
5.013
5.776
5.102
5.566
5.165
5.01
4.584
4.883
5.152
4.655
4.517
4.714
4.087
5.716
5.047
3.949
4.973
4.464
4.549
3.592
3.902
4.216
3.33
3.844
3.751
3.919
3.37
2.665
3.08
3.812
3.716
3.139
3.374
3.733
2.457
3
3.38
3.173
3.292
2.717
2.531
2.02
1.859
2.042
1.926
2.136
1.807
2.095
2.322
2.377
2.355
2.619
2.504
2.438
2.481
2.618
3.416
3.341
3.087
3.194
4.114
4.292
4.089
3.996
3.567
3.515
3.517
3.235
3.711
4.469
4.386
4.432
4.253
3.949
3.624
3.523
3.59
3.594
3.438
3.563
3.759
3.93
3.802
3.419
3.399
3.596
3.692
3.588
3.725
3.782
3.535
3.103
2.81
2.544
2.689
2.917
3.542
3.529
3.414
3.36
3.056
2.569
2.661
2.701
2.737
2.911
2.852
2.657
2.333
2.074
2.032
2.297
2.411
2.863
2.885
3.091
2.983
2.868
2.376
1.962
1.833
1.731
2.024
2.158
2.136
1.787
1.067
.175
.008
1.37
2.992
3.528
2.229
.826
.317
.053
.604
.539
2.087
1.714
.218
.663
.589
.77
.87
.643
.746
2.308
.591
.456
1.673
1.736
1.189
1.182
1.366
2
1.338
4.362
2.366
.942
3.956
3.668
2.912
4.451
4.57
2.81
3.843
3.571
3.186
3.262
3.449
2.9
2.85
2.779
2.732
2.811
2.973
3.155
3.369
3.202
3.187
3.326
3.21
3.436
3.847
3.822
3.632
3.825
3.383
3.341
3.291
3.082
2.382
2.857
3.049
2.992
2.939
2.579
2.697
2.874
3.047
2.943
2.801
2.283
2.033
1.971
2.173
2.534
2.46
2.411
2.273
2.312
2.125
1.898
1.773
1.838
1.624
1.315
2.131
2.648
2.982
2.437
2.68
2.683
3.121
3.361
2.789
2.081
1.821
2.868
3.019
3.031
3.025
3.092
3.935
3.273
3.578
3.834
4.107
3.682
3.341
4.203
3.379
3.933
4
4.663
4.303
4.263
4.298
4.616
4.85
4.097
3.986
4.68
4.327
3.86
4.365
5.065
4.42
4.283
4.275
4.781
3.894
4.225
5.099
4.052
4.638
4.945
4.595
4.252
4.32
4.388
4.701
5.403
4.589
4.796
5.388
5.414
4.951
4.189
4.508
6.034
5.793
6.586
6.361
6.149
6.66
6.951
7.26
6.632
6.395
5.902
7.07
6.753
6.766
5.859
5.641
6.4
6.246
7.39
8.86
6.217
7.36
7.49
7.6
6.29
6.487
6.923
8.15
7.49
6.682
6.488
6.529
6.059
7.17
7.46
6.457
6.697
6.609
6.127
6.426
6.121
7.02
6.545
7.4
6.905
7.21
6.971
6.185
6.245
5.78
6.222
6.62
5.748
4.808
5.542
6.047
7.24
6.971
6.532
6.062
5.607
4.851
4.924
5.019
5.147
4.852
4.915
4.772
4.325
4.254
4.934
5.226
5.719
5.833
5.27
5.933
5.788
6.357
5.555
5.811
5.823
6.149
5.553
5.072
5.174
6.156
5.799
5.946
5.787
5.783
5.749
6.96
7.62
7.02
6.267
6.216
6.763
6.691
7.28
7.42
7.33
6.905
7.38
6.696
7.16
6.718
7.58
6.795
7.28
7.13
7.11
7.16
7.48
7.55
6.776
6.78
6.446
7.05
5.638
5.441
5.773
5.442
6.208
5.506
5.367
5.805
6.144
5.486
6.245
6.22
6.389
5.901
5.612
5.308
5.779
4.615
5.874
5.722
5.518
4.994
5.378
5.218
4.962
6.4
6.179
7.67
7.01
6.777
5.697
5.944
6.324
5.497
5.626
5.301
7.2
6.505
6.705
6.356
6.314
6.605
7.47
8.37
7.13
6.084
5.735
6.31
6.239
6.098
6.159
5.41
5.123
5.785
5.344
6.014
5.845
5.44
4.945
6.08
5.649
5.787
4.641
5.579
5.253
5.274
4.95
4.514
4.665
4.837
4.639
4.675
4.78
4.978
5.344
6.436
6.249
5.267
5.471
5.108
5.634
5.455
4.415
4.242
4.982
4.5
4.189
4.786
5.407
4.771
5.449
6.439
6.013
5.834
5.318
5.872
6.321
6.81
7.03
8.27
6.422
6.693
7.01
7.35
7.84
7.25
7.22
7.5
7.2
7.73
8.18
6.315
6.569
7.39
7.98
7.92
7.72
6.633
7.09
6.571
6.75
6.474
5.772
5.751
6.589
6.847
6.191
6.72
6.644
6.189
6.167
6.261
6.6
5.501
6.129
6.121
6.906
5.835
6.486
6.688
6.623
6.413
6.81
6.567
6.809
6.092
6.353
7.29
6.698
5.77
5.95
5.964
5.855
5.214
5.012
4.659
4.552
3.651
3.965
4.52
4.534
5.061
4.921
4.292
4.296
4.169
4.121
4.517
5.032
5.127
5.942
5.515
4.286
5.321
5.169
5.469
4.213
3.661
4.524
4.746
4.187
4.324
4.139
4.312
5.153
3.764
4.226
4.47
4.629
3.497
4.359
4.584
3.857
4.239
4.192
3.877
3.897
3.939
4.734
4.325
4.303
4.077
3.639
4.011
4.79
5.43
5.021
3.78
4.986
4.469
5.082
4.799
4.666
4.371
4.983
4.427
5.335
4.148
3.871
4.218
3.347
3.41
3.165
3.429
3.324
3.218
3.116
3.08
3.147
2.663
2.656
2.591
3.29
4.326
5.15
5.09
5.019
4.771
5.659
5.822
4.871
5.394
6.188
6.374
5.986
6.436
6.056
6.056
6.809
6.773
6.626
6.36
7.26
7.27
6.881
6.92
6.448
6.984
7.12
7.14
6.435
7.28
6.748
6.557
6.497
6.938
6.552
6.861
6.762
6.704
6.698
6.372
6.954
6.575
6.489
6.033
6.546
6.379
6.895
7.22
6.955
6.428
5.472
5.876
6.337
6.334
7.03
6.754
6.755
6.802
6.295
6.318
6.417
6.363
6.913
6.692
7.26
7.47
7.64
8.44
8.63
7.09
8.44
7.98
7.64
7.41
7.09
6.573
6.636
6.582
6.573
5.81
6.283
6.51
6.329
6.79
7.02
6.089
5.9
5.817
6.383
6.031
6.379
6.415
6.584
6.453
7.29
6.626
7.39
6.868
6.01
6.531
6.779
6.771
6.467
6.592
6.86
6.456
6.451
6.221
6.167
6.392
6.178
5.688
5.728
5.454
6.01
5.789
4.996
5.102
5.171
5.164
4.908
4.914
4.998
4.979
5.146
5.03
5.12
4.738
4.743
4.611
4.244
4.666
4.529
4.237
5.809
4.938
3.98
4.917
4.264
4.534
3.878
4.271
3.875
3.729
3.963
3.913
3.605
3.754
3.488
3.577
3.171
2.793
2.942
2.884
3.034
3.25
2.924
3.298
2.609
2.451
3.83
3.564
3.683
3.291
3.53
3.117
3.589
3.104
3.116
3.051
3.549
3.412
3.258
3.732
3.884
4.159
4.514
4.923
5.06
4.799
4.671
5.105
5.243
4.4
5.04
4.604
5.387
4.586
6.191
6.109
4.869
5.668
5.449
5.877
6.094
5.71
7.13
6.816
6.249
6.173
6.986
5.571
6.398
6.176
6.965
5.675
5.074
6.451
6.864
6.761
6.602
6.43
6.095
6.815
5.689
6.163
4.651
5.944
4.028
4.51
3.601
3.209
4.43
4.461
4.13
4.018
3.352
4.033
4.108
5.421
3.11
3.625
2.15
3.421
4.24
4.038
5.9
3.956
5.84
5.032
5.164
6.719
6.365
6.183
5.017
4.296
4.717
4.636
3.857
5.128
4.912
3.748
3.898
3.64
4.364
4.299
5.57
6.162
5.46
5.023
7.24
6.72
6.195
5.506
6.053
5.818
6.103
6.073
5.415
5.521
3.96
4.381
5.188
4.639
3.735
3.209
3.21
4.452
4.648
5.031
4.783
4.315
3.471
3.297
3.15
3.602
3.209
3.637
3.764
3.587
3.623
3.729
3.504
3.091
3.033
2.844
2.656
2.63
2.522
1.935
1.483
1.585
1.233
1.505
1.539
1.432
1.236
2.099
2.751
2.146
1.162
.516
.723
2.144
2.741
2.854
2.584
2.597
2.391
2.184
2.153
2.044
2.183
2.762
3.145
3.352
3.378
3.351
3.189
3.481
3.016
3.15
3.212
3.227
2.799
2.863
2.63
2.518
2.219
1.723
1.716
2.006
1.828
2.046
2.211
2.364
1.764
2.96
2.698
3.408
7.65
7.34
6.019
4.048
3.13
2.382
1.373
1.47
1.003
.674
1.836
2.007
1.931
1.798
.601
1.916
3.033
2.461
3.078
4.414
3.023
1.934
1.678
.83
.085
.218
1.989
1.653
2.02
3.102
3.661
2.141
5.303
4.214
4.685
5.122
4.454
4.126
4.079
4.598
4.296
3.556
2.083
3.135
3.828
3.051
2.573
3.196
3.515
3.092
3.464
2.677
3.481
2.469
2.068
2.39
1.924
2.262
2.734
.87
.055
.922
2.249
1.995
.733
.315
.986
2.271
1.485
.199
1.144
2.398
2.656
1.66
1.049
.937
.153
.926
.836
1.547
2.46
1.362
.609
.925
.954
.679
.409
1.124
.963
.254
.063
.434
.317
.066
.579
.481
.048
.533
1.029
.766
.068
0
.464
1.411
1.523
1.965
2.704
3.111
3.007
2.972
3.142
2.723
2.684
2.91
2.638
2.77
2.665
2.848
2.515
2.306
1.859
1.674
2.236
2.882
2.726
2.442
1.67
1.878
1.893
2.292
2.628
2.211
2.267
1.472
1.662
2.559
2.474
2.567
2.178
2.089
2.672
2.083
1.464
2.581
.882
2.769
2.276
1.951
2.441
2.151
.765
2.276
1.789
2.48
2.04
1.457
2.418
1.237
2.36
2.607
1.988
1.758
1.875
2.326
2.453
1.284
1.334
2.223
.767
1.288
1.116
.751
1.446
2.389
1.927
2.164
1.659
1.346
1.092
.801
1.192
2.296
.774
1.713
2.469
3.073
1.764
1.452
1.732
2.546
3.199
5.001
3.722
2.211
3.812
2.529
1.969
2.421
3.5
4.886
4.51
4.58
3.907
3.153
3.663
4.277
4.206
3.923
3.653
3.361
2.886
2.73
2.934
3.607
4.739
4.347
2.987
5.301
4.228
2.556
3.637
3.64
5.725
4
3.878
3.547
4.101
3.857
4.063
3.095
2.584
1.99
1.694
1.473
2.514
1.355
1.362
1.641
1.706
3.109
2.811
3.301
3.812
3.889
2.511
2.233
1.782
2.736
2.589
2.353
2.251
2.19
4.394
3.993
3.591
4.995
5.557
4.103
3.616
3.951
5.507
5.021
5.863
6.082
5.548
3.346
3.387
2.863
1.418
.097
.418
2.707
3.744
3.591
3.381
3.486
3.012
3.549
3.274
3.183
2.934
2.567
3.492
3.993
3.637
2.96
3.794
4.399
4.575
4.809
5.082
4.859
4.47
4.601
3.601
5.082
5.14
7.52
9.28
8.74
9.23
8.23
8.2
8.25
5.633
4.221
3.557
2.611
2.55
2.413
2.533
2.29
2.267
2.524
2.903
3.89
4.273
4.532
4.709
4.307
4.797
3.275
3.897
3.567
3.707
3.3
3.556
4.011
4.14
3.736
3.696
3.759
4.613
4.665
4.437
4.273
4.213
3.317
3.046
2.586
2.707
2.973
2.542
2.85
2.686
2.146
2.301
2.087
2.019
2.108
2.449
1.868
1.357
1.176
1.463
1.93
2.375
2.508
2.782
3.058
2.434
2.78
2.497
2.634
3.234
3.73
3.881
4.48
4.569
4.644
4.407
3.812
3.864
3.49
2.974
3.101
3.081
2.841
2.3
2.576
2.654
2.626
2.213
2.517
2.435
2.614
2.827
3.079
2.885
2.643
2.746
2.887
2.9
3.138
2.762
2.507
3.203
2.923
2.86
2.954
3.221
3.274
3.245
3.374
4.12
4.518
5.409
5.834
5.244
6.126
6.231
7.71
7.41
7.34
6.944
7.49
7.24
7.47
7.18
7.67
6.885
6.534
6.586
6.834
5.868
5.932
4.78
5.761
5.481
5.041
5.019
4.756
4.707
4.308
4.354
3.384
2.48
3.301
4.798
3.024
3.99
4.741
4.456
3.862
4.931
4.972
6.63
5.327
4.36
3.751
3.328
3.588
3.34
3.805
4.311
5.226
5.737
5.483
5.006
5.024
4.738
4.558
4.016
4.577
3.933
4.385
4.05
3.195
3.282
2.914
3.257
2.186
2.453
2.616
2.98
3.326
4.143
4.436
3.862
4.726
4.51
4.804
3.407
4.531
4.484
4.575
4.038
3.711
4.334
4.418
3.27
3.847
4.542
3.3
4.082
4.08
4.059
3.646
3.365
3.533
2.925
3.215
2.767
3.262
3.779
2.665
2.846
2.56
2.531
2.484
2.623
2.251
3.12
2.566
3.069
2.815
2.667
2.344
2.587
2.944
2.712
2.888
3.079
3.27
2.718
2.922
2.222
2.056
2.768
2.733
2.739
3.245
3.356
3.239
3.212
3.017
2.935
2.829
2.287
2.52
2.51
2.391
2.271
2.339
2.461
3.539
3.728
3.809
2.707
3.09
2.595
2.467
2.619
2.786
3.048
2.851
2.641
2.221
2.548
2.892
1.956
1.437
2.213
2.137
1.559
1.878
2.247
1.948
2.222
2.339
2.707
2.828
2.964
2.828
2.816
2.556
2.33
2.473
2.522
2.52
2.34
2.202
2.046
2.327
2.226
2.231
2.055
1.773
1.876
1.932
2.197
2.156
2.671
2.342
2.057
2.13
2.458
2.131
2.749
2.965
2.52
2.312
2.562
2.463
2.68
2.416
2.266
2.314
2.281
2.227
2.454
2.673
2.629
2.915
3.247
3.214
3.53
3.732
3.264
3.078
3.595
3.356
3.237
3.031
3.354
3.205
3.372
3.03
3.184
3.097
3.21
2.556
2.511
3.042
2.734
2.528
2.844
3.246
3.038
3.2
3.729
3.69
3.344
2.524
2.337
2.058
2.636
3.174
3.511
3.917
3.668
3.392
3.475
3.58
3.257
2.895
2.898
3.213
3.649
3.178
3.054
2.775
2.632
2.577
2.67
2.481
2.39
2.694
3.103
2.694
3.112
3.358
3.522
3.618
3.574
3.427
3.691
4.088
3.402
3.736
3.76
3.237
3.186
3.409
2.972
3.089
3.005
4.385
4.233
4.043
3.324
3.874
4.45
4.915
4.868
4.816
5.918
6.38
6.671
7.37
6.667
7.3
7.34
7.04
6.272
6.864
7.21
6.193
5.965
5.911
6.875
5.383
5.419
5.475
5.69
5.599
5.683
6.248
5.66
5.633
5.551
5.63
6.06
5.819
5.7
5.661
5.846
5.728
6.05
6.497
6.746
5.181
5.789
6.295
6.509
6.822
7.4
7.01
7.59
7.34
7.58
7.82
7.35
6.99
6.943
7.76
8.07
7.8
7.4
8.22
7.18
6.44
7.28
7.23
7.05
6.639
7.82
8.05
7.45
7.03
8.02
7.83
7.3
6.512
8.19
6.19
7.98
6.655
7.91
7.06
7.47
6.846
7.51
7.33
8.36
7.15
7.63
7.16
7.24
7.91
7.56
7.97
6.727
6.222
6.929
7.48
8.09
7.12
6.913
7.28
6.057
6.412
5.931
6.942
6.936
6.364
6.15
6.702
5.976
5.501
5.171
4.831
4.623
4.526
4.086
3.777
3.758
3.626
3.388
3.339
2.939
2.879
2.569
2.436
2.568
2.675
2.904
3.002
2.884
2.768
2.873
2.782
2.52
2.867
2.533
2.692
2.686
2.876
2.847
2.707
2.464
2.309
2.338
2.318
2.402
2.692
2.797
2.81
3.013
3.192
3.291
3.161
3.126
3.047
2.792
2.485
2.346
2.213
2.197
2.382
2.613
2.915
2.932
2.985
2.826
2.49
2.732
2.837
3.084
3.243
3.289
3.431
3.465
3.359
3.266
3.499
3.435
3.469
3.569
3.607
3.585
3.595
3.719
3.852
3.799
3.58
3.282
3.366
3.333
3.296
3.267
3.088
3.293
3.289
3.3
3.443
3.386
3.716
3.683
3.576
3.488
3.478
3.443
3.541
3.783
4.11
4.006
3.402
3.356
3.521
3.759
3.994
4.216
3.777
4.025
4.491
4.205
4.432
4.361
4.525
4.504
5.079
4.769
4.519
4.309
4.199
3.935
3.266
3.306
3.211
2.967
2.982
2.941
3.237
3.922
4.277
4.571
4.142
3.434
3.533
4.457
4.65
4.457
4.796
4.859
4.897
4.929
4.734
4.361
4.636
4.569
4.335
4.29
3.959
4.206
4.364
4.351
3.965
4.66
5.331
5.307
5.161
5.492
5.886
5.229
5.097
5.637
5.784
5.664
6.064
5.987
5.689
5.631
5.545
5.778
5.382
5.83
6.218
6.052
5.734
5.838
6.291
5.97
6.884
5.903
5.935
6.64
6.164
5.691
5.579
6.266
6.35
6.763
6.325
6.777
6.215
6.387
6.349
6.989
7.04
6.934
6.828
6.637
7.03
6.636
7.32
6.52
6.359
6.323
7.17
6.771
7.24
7.24
7.51
7.39
6.87
7.68
7.49
7.9
8.24
8.19
8.36
8.85
8.45
8.23
8.13
8.67
7.97
8.72
9.61
8.21
8.33
7.09
7.77
8.67
8.75
8.02
7.73
6.545
7.62
7.71
8.03
5.583
5.562
6.446
5.896
6.284
6.174
6.657
6.921
6.571
6.706
7.57
5.529
6.111
5.066
6.451
5.741
5.564
5.572
6.38
5.818
5.163
5.573
5.264
4.56
4.865
6.196
4.222
5.27
6.133
4.168
5.641
4.863
4.506
4.733
5.929
5.672
4.428
5.465
5.361
5.57
5.281
5.689
5.214
4.6
5.703
4.601
5.111
5.39
4.735
5.47
4.977
5.022
4.998
4.678
4.228
3.446
3.91
3.578
3.413
3.138
3.334
3.411
3.155
3.294
3.161
3.235
3.055
3.095
2.853
2.851
2.934
2.863
2.838
2.988
2.762
2.737
2.447
2.068
2.262
2.53
2.391
7.09
6.858
6.336
5.521
4.816
5.299
4.776
4.919
4.59
4.851
4.124
3.957
4.034
2.629
2.494
2.338
1.957
1.706
2.749
2.868
3.065
2.608
2.003
1.611
1.162
.6
.067
.147
0
0
0
.35
1.663
1.94
2.251
2.122
2.287
2.519
2.667
2.005
1.656
1.32
1.128
2.5
2.964
2.658
2.182
2.251
2.712
2.618
1.859
2.142
2.314
1.956
.819
.458
.193
.357
.919
1.512
1.062
1.355
1.136
.474
.441
2.161
1.487
.948
.49
1.202
1.522
.775
.964
.879
.636
.577
.374
.658
.237
.033
0
.22
.046
0
.196
.8
.849
.719
.96
1.158
.567
0
.377
.592
.225
.618
.582
.287
1.554
1.2
.846
.741
1.131
1.218
1.304
.654
.101
.611
.938
1.496
1.56
1.3
1.034
1.246
1.218
1.49
1.895
1.922
1.788
1.658
1.713
1.756
1.334
1.303
.378
1.014
.874
.763
.657
1.207
1.698
1.635
1.745
1.868
2.089
2.151
2.444
2.297
2.746
1.939
1.603
1.674
2.059
1.867
1.719
2.271
1.982
2.12
2.362
2.409
2.062
2.44
2.213
2.692
2.162
1.954
2.054
2.416
3.339
2.831
2.211
2.473
2.922
3.177
3.05
3.412
3.016
2.994
3.909
4.153
3.848
3.243
3.868
3.224
3.55
4.135
3.275
3.69
3.794
3.936
3.95
4.274
4.059
3.769
4.806
5.475
5.121
4.983
4.836
4.936
4.744
5.228
3.961
4.659
5.11
5.12
6.343
6.452
5.868
5.355
5.85
5.015
5.982
4.929
5.671
5.424
5.642
5.356
6.175
5.49
4.971
4.973
5.467
5.844
5.35
5.88
5.27
5.868
5.662
6.278
5.807
7.23
7.36
6.292
7.14
4.832
6.452
7.02
6.402
3.813
6.235
5.958
6.36
6.526
5.988
5.958
6.343
6.489
6.802
5.816
5.034
7.35
7.38
8.03
6.716
6.395
5.77
5.651
6.896
6.592
7.62
7.3
6.638
7.83
8.86
8.51
7.17
7.59
6.553
6.665
6.999
6.595
6.755
5.45
5.79
4.682
4.446
6.398
6.113
5.862
6.017
5.858
5.887
5.757
5.341
6.278
5.971
5.955
5.896
6.111
5.695
5.653
5.333
5.171
5.31
5.447
5.349
5.657
5.487
4.622
4.171
3.831
3.62
3.265
3.314
3.441
3.982
3.877
3.725
3.867
3.876
4.544
4.66
4.96
5.334
5.605
5.737
6.271
6.162
6.222
5.61
5.794
5.736
5.48
5.601
5.787
6.88
6.509
7.85
6.917
6.844
5.557
5.594
5.238
5.776
6.263
6.563
6.643
6.453
6.705
5.909
5.937
5.886
5.833
5.521
5.408
5.338
5.292
4.799
4.706
4.568
4.536
4.188
3.979
3.71
4.566
4.743
4.858
4.863
4.99
4.872
4.349
4.304
4.026
4.371
4.646
5.083
5.363
5.318
5.052
6.104
6.141
6.538
6.348
6.343
6.811
6.679
6.205
5.843
6.358
7.08
7.42
7.32
7.56
7.24
7.51
7.22
7.27
6.884
7.62
7.04
7.79
7.2
6.851
7.07
6.754
6.457
6.604
7.17
7.16
6.282
6.252
6.329
5.857
6.598
6.258
6.205
6.666
6.811
6.688
6.17
6.215
6.58
6.46
6.904
6.924
7.3
7.09
7.02
6.855
7.13
7.02
7.2
7.24
7.21
8
7.3
7.58
8.22
7.72
8.17
8.14
8.83
8.26
8.56
9.11
8.51
9.34
9.03
9.15
9.19
9.21
9.14
9.82
11.19
10.81
12.25
10.4
11.02
9.44
11.33
11.32
10.94
10.58
11.21
10.47
10.11
10.72
11.69
11.27
11.4
10.14
10.78
10.77
10.66
11.5
9.01
10.74
9.73
11.03
11.26
10.28
9.99
11.05
11.16
11.34
10.02
9.96
10.55
9.46
10.86
10.77
9.74
10.25
8.95
9.3
9.07
8.82
9.39
10.65
9.42
10.25
10.12
10.59
10.07
10.03
8.12
7.87
9.38
9.81
8.74
8.4
9.16
9.28
10.52
8.88
8.75
7.65
8.63
9.89
7.65
9.72
8.01
9.21
7.42
9.24
7.74
8.34
7.01
6.978
7.42
7.14
8.17
6.113
6.671
7.51
5.999
6.965
6.609
6.618
5.484
5.09
8.53
6.925
6.074
4.913
5.249
7.74
6.247
6.257
6.092
6.723
5.286
4.894
4.617
6.35
5.397
4.248
3.819
4.902
5.578
4.573
5.665
3.708
3.333
3.842
3.444
3.486
3.325
3.002
3.278
3.305
3.248
3.422
3.605
3.903
3.981
4.196
3.916
3.769
3.659
3.629
3.317
3.664
3.231
3.125
3.196
3.355
3.442
3.737
3.566
3.354
3.488
3.392
3.619
3.78
3.61
3.472
3.251
3.886
3.414
3.278
3.291
3.931
3.9
3.244
3.499
3.725
4.025
3.638
3.891
3.859
3.878
4.005
3.828
4.033
3.764
4.423
5.551
5.534
5.61
6.035
6.49
5.639
5.154
5.272
5.281
4.861
4.81
4.67
4.502
4.498
4.211
3.93
4.358
4.492
4.495
4.657
4.678
4.646
4.52
4.552
4.524
4.419
4.278
4.355
4.624
4.004
4.12
4.567
4.572
4.238
3.827
4.118
4.003
3.906
3.94
4.208
4.512
4.667
4.948
5.022
5.077
5.352
5.133
4.858
4.536
4.73
4.801
5.083
4.917
4.565
4.423
4.722
4.922
5.035
4.897
5.073
5.169
5.057
4.939
4.893
5.072
5.036
5.163
6.244
5.561
5.316
5.059
5.264
5.273
5.435
5.164
5.55
5.783
5.839
5.655
6.264
6.175
5.848
5.645
5.026
4.653
4.666
5.263
5.367
5.292
5.509
5.615
5.146
5.164
5.144
5.274
5.295
5.001
4.849
4.81
5.404
5.706
4.711
4.029
4.564
4.766
3.986
3.943
3.862
4.248
4.591
4.705
4.786
4.076
4.427
4.274
4.345
3.695
3.897
3.735
3.815
4.147
4.423
3.711
4.5
5.085
4.753
5.263
4.123
4.19
4.89
7.26
5.994
7.36
6.887
7.59
8.57
6.876
8.9
9.41
9.01
7.81
8.82
8.79
9.67
9.18
8.42
7.47
8.84
7.88
8.11
7.95
7.67
7.46
8.43
8.53
7.99
7.79
7.72
6.742
6.262
6.598
7.28
6.866
6.727
7.26
6.924
7.18
7.74
7.15
7.95
6.849
6.746
7.87
7.77
8.46
7.99
8.39
7.35
7.87
7.94
7.69
8.45
7.85
7.7
7.92
8.49
8.64
7.73
8.24
8.9
9.22
7.91
7.87
6.241
7.75
6.622
8.58
7.24
7.84
8.95
7.27
7.8
7.26
6.414
7.48
7.57
7.62
8.79
7.45
6.849
7.85
7.47
7.84
7.91
7.75
9
7.19
8.65
8.62
8.23
7.84
8.66
7.43
7.31
7.63
8.42
8.14
9.03
8.05
7.28
6.309
7.84
7.8
8.83
8.56
8.57
7.24
8.18
7.62
6.828
6.233
5.769
5.902
5.465
5.129
5.566
5.77
6.267
6.203
5.28
5.125
4.818
4.626
4.886
4.726
4.724
5.137
5.016
5.082
4.724
4.953
4.807
4.518
4.422
4.762
4.534
4.019
4.632
5.095
4.996
5.369
4.832
4.613
4.63
4.421
4.157
4.303
4.403
3.998
4.231
4.351
4.817
5.348
5.882
5.332
6.84
7.36
5.787
5.659
5.334
5.025
4.678
4.621
4.355
4.181
4.187
4.928
5.378
4.874
5.148
5.06
4.885
4.869
4.686
4.411
4.737
4.706
4.948
4.83
5.062
5.274
5.228
4.631
4.837
4.862
4.908
5.92
6.119
6.9
7.06
6.314
6.195
5.788
5.513
5.233
5.276
5.034
5.076
5.237
5.204
5.432
5.167
5.113
4.962
5.12
5.091
5.235
4.946
4.881
5.1
4.772
4.826
4.459
4.57
5.214
5.295
5.728
6.199
6.225
6.366
5.919
6.085
6.139
5.918
5.397
5.845
5.868
6.578
6.327
6
6.023
6.301
6.265
6.023
5.92
5.554
5.304
4.593
4.766
5.311
5.025
5.019
5.118
4.957
5.153
5.229
5.259
5.162
5.224
5.183
5.143
5.093
4.708
4.151
4.464
4.35
4.461
4.537
4.66
4.779
4.973
5.611
5.75
6.286
6.933
7.06
6.871
7.06
7.43
8.14
7.29
7.26
7.33
6.663
6.944
6.399
6.662
6.243
5.706
7.28
7.2
6.554
6.443
6.176
6.058
7.73
8.18
8.34
7.54
9.38
10.27
10.16
10.36
10.08
9.88
10.88
10.7
10.75
12.7
10.95
11.58
10.96
10.39
11.32
10.58
11.63
10.8
10.05
11.3
9.64
9.16
10.04
9.8
9.39
8.77
10.35
10.53
10.36
10.34
9.61
9.58
10.93
8.53
10.32
8.75
9.74
10.91
9.45
9.46
11.21
9.92
10.3
10.09
11.09
9.77
9.2
9.63
10.61
9.85
9.58
9.16
10.92
9.99
9.25
8.84
8.08
8.5
8.5
10.17
9.22
6.643
8.76
8.01
7.88
7.43
7.95
7.96
9.81
8.53
9.64
8.71
8.99
7.9
7.85
8.42
7.82
9.99
8.54
7.94
6.213
7.88
6.068
7.52
7.76
7.84
4.575
5.476
6.222
7.13
7.7
6.263
6.312
6.653
6.377
6.047
7.79
6.551
4.803
5.116
6.578
6.207
6.053
6.017
4.288
5.744
4.699
4.052
3.347
3.239
2.893
2.905
2.724
2.736
2.53
2.481
2.897
3.317
3.594
3.946
4.095
4.077
3.726
3.453
3.31
3.1
3.205
3.483
3.371
3.341
3.397
3.275
3.056
3.184
3.561
3.705
3.839
3.964
4.052
3.839
3.783
3.945
4.032
3.776
3.817
3.926
4.266
4.359
4.486
4.545
4.531
4.47
4.251
4.098
4.143
4.039
4.267
4.35
4.584
4.674
4.417
4.451
4.459
4.621
4.613
4.519
4.478
4.221
4.163
4.372
4.452
4.569
4.513
4.414
4.342
4.124
4.124
4.218
4.038
3.952
3.987
4.14
4.273
4.497
4.206
3.339
3.082
3.171
3.213
3.091
2.918
2.979
3.219
3.372
3.601
3.541
3.063
2.876
3.068
3.067
3.142
3.162
3.336
3.325
3.337
3.004
2.874
2.602
2.328
3.584
2.567
1.884
2.018
1.801
2.054
1.564
.053
.135
0
.038
.486
.825
.841
1.238
1.929
2.207
2.87
2.962
2.984
3.569
3.908
3.584
3.919
4.479
4.632
4.365
3.979
3.823
3.209
3.041
4.045
3.78
3.089
3.989
3.674
3.46
3.483
3.712
4.013
4.198
4.998
4.107
3.686
3.398
3.548
3.145
3.607
3.799
4.817
4.839
4.558
4.413
4.055
3.944
3.739
3.766
3.009
2.617
2.384
3.286
2.978
1.821
2.256
1.402
1.028
1.129
1.096
1.102
1.205
2.462
2.136
2.437
2.581
2.827
3.263
2.659
3.046
2.201
2.335
2.502
2.397
2.211
2.141
2.38
2.756
2.268
2.648
2.134
2.509
2.499
1.498
1.65
2.097
2.278
2.095
2.127
1.147
1.614
1.207
2.057
1.506
.913
1.486
.351
.719
1.716
1.796
2.283
1.78
2.273
2.245
3.266
3.784
2.87
2.765
2.104
2.761
1.566
4.429
2.129
2.192
2.311
1.974
2.713
2.999
2.203
1.802
.734
1.291
1.076
1.425
1.577
.83
2.826
1.315
1.607
2.03
2.609
3.352
2.675
1.57
1.907
1.972
3.276
3.141
3.073
2.237
1.789
1.517
1.413
2.424
2.835
3.08
3.435
1.99
2.75
2.832
2.959
3.582
3.729
4.05
3.384
2.278
3.098
3.166
2.286
2.536
1.797
3.123
3.641
3.642
3.575
3.373
3.667
3.42
2.996
2.315
2.339
1.645
.896
1.823
1.042
.623
.548
1.413
.946
.59
.412
0
0
.059
.116
.23
.028
1.314
2.368
2.611
3.035
3.143
3.379
3.343
3.507
3.733
3.767
3.107
2.899
2.861
2.72
2.433
3.14
3.005
2.698
2.338
1.781
1.752
1.92
2.03
2.222
1.881
1.723
2.037
1.771
2.173
2.343
2.52
2.652
2.905
2.869
2.874
2.82
2.349
2.081
1.704
1.04
.595
.23
.022
.395
.64
1.709
2.053
2.498
1.876
1.757
1.096
.731
.834
.401
.355
.15
.613
1.65
1.728
1.729
1.527
1.752
1.788
1.937
1.772
1.711
1.458
1.048
.704
.246
.114
.058
.012
.071
.54
.639
.94
1.148
1.471
1.852
2.435
2.554
2.356
2.623
4.999
5.256
4.056
5.913
3.217
2.37
2.602
.643
2.912
1.364
2.194
3.391
3.185
3.383
3.538
2.844
2.906
2.948
3.045
2.425
2.56
3.016
3.267
2.937
2.196
2.508
2.341
2.699
3.065
3.783
3.795
3.109
3.055
2.795
2.9
2.954
2.707
2.215
1.905
1.482
1.144
.955
1.591
1.471
2.006
2.988
3.205
3.352
3.219
3.936
3.581
3.391
3.66
3.637
4.13
4.166
5.042
5.544
5.042
6.137
5.953
5.627
5.069
4.73
3.419
3.831
4.023
4.695
4.791
4.669
4.994
5.435
4.827
4.211
4.464
4.512
4.387
3.834
4.059
4.32
4.137
4.706
5.076
4.707
5.227
5.432
5.16
4.96
5.268
4.936
4.45
4.288
4.323
3.961
3.691
3.822
3.809
3.994
3.446
3.401
3.123
3.358
3.463
3.117
2.744
2.628
3.074
2.698
2.257
1.615
2.76
1.541
2.226
2.05
1.901
2.045
2.167
1.81
2.262
1.775
2.439
2.059
2.806
2.431
2.756
1.312
2.214
2.344
2.491
2.856
1.349
.506
1.975
2.56
1.072
2.269
1.395
1.688
1.755
2.28
2.024
.457
1.041
2.492
.925
.922
.975
1.578
2.177
1.439
1.223
2.146
1.872
.253
.728
1.123
1.894
1.432
.517
1.816
2.225
1.947
1.37
1.197
2.003
2.017
1.472
2.033
1.521
1.26
2.099
1.661
1
.799
2.354
2.364
1.903
1.964
1.265
.942
1.13
1.022
.712
.904
.901
1.653
.43
1.433
1.112
1.738
2.287
2.023
1.57
1.535
1.526
2.564
2.582
2.576
2.961
3.003
2.722
2.851
2.639
2.82
3.098
3.15
2.885
2.946
2.867
2.7
2.76
3.055
3.022
2.733
2.901
2.984
2.816
2.946
3.141
3.032
3.186
3.205
2.94
2.757
2.686
2.662
2.864
2.455
2.063
2.432
2.741
2.826
3.13
3.221
3.117
3.107
3.334
3.691
3.405
3.355
2.782
2.822
2.83
2.8
2.747
2.793
2.8
2.857
3.325
3.243
3.313
3.253
3.095
3.129
2.923
2.741
2.903
2.776
2.408
2.259
1.779
2.132
2.379
2.172
2.277
2.879
3.277
3.146
3.113
2.81
3.183
3.115
3.226
3.338
3.26
3.294
3.137
2.853
2.949
2.919
2.956
2.744
2.588
2.332
2.381
2.452
2.529
2.391
2.913
3.328
3.358
3.272
3.426
3.747
3.877
3.701
3.307
3.658
3.356
3.18
3.506
4.087
4.263
4.275
4.715
5.106
5.184
5.502
5.73
5.76
5.802
5.836
5.485
5.345
4.862
4.962
5.112
5.206
4.823
4.048
3.7
3.585
3.512
3.404
3.615
3.945
4.336
3.91
4.152
4.492
4.586
4.734
4.415
4.731
4.647
4.357
4.29
3.955
3.662
3.746
3.78
3.756
3.624
5.005
7.12
7.28
5.465
6.563
9.66
8.98
8.48
7.7
7.51
6.368
6.489
5.454
6.412
7.39
7.62
6.49
7.38
8.16
8.12
8
8.6
8.49
8.59
9.2
8.98
8.22
9.24
8.38
7.32
8.51
7.93
8.09
7.51
8.19
8.09
8.56
8.92
9.28
8.45
8.88
9.17
8.77
8.98
8.91
8.91
8.02
8.74
9.31
9.07
9.15
9.53
10.57
10.13
9.87
9.62
8.74
8.9
9.5
10.45
9.77
9.8
10.15
10.53
9.82
10.44
8.89
9.29
9.17
9.37
8.68
8.65
8.59
8.14
8.51
9.04
8.57
7.3
8.03
7.8
7.72
7.11
6.891
7.42
6.346
7.72
7.8
6.646
7.44
6.805
7.11
6.868
6.805
6.982
7.11
7.63
7.25
7.57
7.12
7.32
7.49
6.884
6.364
6.291
6.997
6.611
6.255
6.899
5.861
6.768
6.171
7.95
6.963
7.7
7.71
8.14
7.18
7.41
7.36
7.98
6.545
7.26
8.18
6.587
7.39
7.23
7.14
7.36
7.23
7.81
6.579
7.56
6.282
8.2
8.43
7.18
7.27
7.7
7.85
8.22
8.2
7.53
7.71
7.18
7.7
7.25
7.37
7.08
7.33
6.497
7.48
6.713
7.17
7.1
7.57
7.59
7.8
8.33
8.54
8.02
7.98
8.51
8.04
9.22
10.07
8.33
8.14
7.26
8.01
8.36
7.77
9.4
9.64
8.41
8
8.09
8.89
9.51
8.51
8.39
9.46
8.33
8.72
9.73
7.86
7.99
8.07
8.24
7.96
8.01
7.53
8.02
7.58
7.72
7.33
7.16
7.62
8.09
9.28
9.16
9.39
8.9
9.91
10.07
10.39
9.92
10.9
11.37
10.88
11.04
11.47
10.18
9.24
7.86
8.45
8.34
8.72
9.16
9.73
7.79
7.28
8
9.08
8.25
8.19
8.32
9.3
8.36
7.96
7.93
7.75
7.35
7.09
7.08
7.08
7.1
7.73
7.83
7.67
7.39
6.749
6.784
6.853
6.904
6.312
6.923
7.41
6.443
6.208
5.981
5.978
5.982
5.763
5.874
5.526
6.627
6.556
6.065
6.229
6.538
5.521
5.401
5.102
4.767
4.485
4.926
4.406
4.358
4.194
4.247
4.98
5.069
4.445
3.899
4.023
3.843
3.866
3.798
3.978
3.765
3.428
3.176
3.545
3.891
3.776
3.473
3.267
3.331
3.24
3.262
3.461
3.583
3.682
3.454
3.281
3.238
3.135
3.151
3.819
4.503
5.23
6.376
6.612
6.869
6.579
6.999
6.492
5.854
5.826
6.716
5.776
6.078
6.836
5.664
6.187
5.751
5.623
5.294
4.99
5.947
6.288
6.668
6.055
5.903
5.899
5.981
6.108
4.962
5.485
4.927
4.284
4.862
5.155
5.011
5.546
5.106
5.233
4.466
4.22
4.566
4.668
4.401
4.807
5.102
5.102
4.137
3.931
5.159
5.005
5.241
3.871
4.761
4.279
3.484
4.614
3.242
3.268
4.824
3.885
3.268
4.102
3.05
3.792
3.997
3.503
4.156
3.302
3.79
3.717
2.299
3.553
2.419
3.274
2.015
3.126
3.235
3.781
1.485
4.245
1.924
1.937
3.247
2.377
2.593
3.203
4.095
3.589
1.616
4.321
3.749
2.701
3.983
2.955
1.52
1.525
3.735
3.062
2.084
2.97
3.231
1.179
3.638
4.245
2.625
3.111
3.063
2.828
2.879
3.22
2.889
2.737
2.097
3.83
4.004
2.646
1.967
3.04
3.313
3.421
3.775
2.296
3.238
4.345
3.56
2.576
2.821
3.575
4.24
3.461
2.785
1.743
3.042
3.37
3.26
3.022
2.696
2.482
2.361
2.528
2.136
2.336
2.447
2.269
2.342
2.303
2.324
2.278
1.843
2.298
2.486
2.974
3.079
2.884
2.695
2.783
2.583
2.795
2.535
2.348
2.287
2.404
2.492
2.478
2.485
2.596
2.485
2.365
2.052
1.891
2.014
2.331
2.607
2.748
2.864
3.071
2.593
2.562
2.479
2.508
2.85
2.932
2.891
3.05
2.792
3.215
3.003
2.889
3.071
2.875
2.804
2.786
2.686
2.599
2.371
2.241
2.155
2.182
2.066
2.054
1.979
1.94
1.614
1.21
1.273
1.355
1.266
1.237
1.231
1.066
1.26
1.479
1.668
1.427
1.277
1.386
1.538
1.407
1.502
1.563
1.482
1.466
1.625
1.582
1.201
.919
.894
.787
.711
.624
.423
.363
.315
.54
.724
.962
1.006
.682
.697
1.643
1.98
1.608
2.073
3.949
3.091
2.753
2.826
2.233
2.457
2.625
2.551
2.399
2.238
2.276
2.255
3.229
3.242
2.828
2.621
1.514
.867
1.33
.853
.848
.592
1.067
1.157
1.622
1.596
2.227
2.001
2.412
2.621
2.351
2.535
2.573
2.664
2.395
2.484
2.888
2.66
2.542
2.378
2.563
2.316
2.423
2.196
2.284
2.353
2.434
2.445
2.338
2.984
3.023
3.487
3.45
3.566
4.438
4.107
4.086
4.266
3.564
4.06
3.661
3.502
3.637
3.131
3.251
3.386
2.926
2.933
3.165
2.634
2.953
2.783
2.659
2.614
2.632
3.081
2.65
2.477
3.042
2.443
2.742
2.914
2.286
2.178
4.025
2.166
2.18
2.557
3.025
1.704
2.394
1.811
2.826
3.333
2.938
1.081
2.264
3.109
3.476
3.133
1.783
3.079
2.213
2.406
2.148
2.316
1.64
2.483
3.4
4.206
2.978
1.107
1.879
4.48
2.5
1.806
2.251
1.358
2.357
1.441
2.657
3.415
3.911
1.763
2.732
2.033
1.132
1.923
3.273
1.358
2.345
2.626
2.191
1.759
2.721
3.231
1.643
1.486
3.334
2.939
1.404
1.415
1.886
2.75
2.996
3.174
1.629
2.648
1.775
1.741
3.406
2.962
2.508
1.037
1.212
1.346
2.042
2.12
2.935
3.435
1.878
1.46
2.278
2.611
2.781
3.392
2.487
2.703
2.411
2.696
1.953
3.083
3.272
3.166
2.867
3.112
2.884
2.754
2.729
2.729
2.581
3.028
3.169
2.621
2.953
2.488
2.558
2.84
3.02
3.218
3.071
3.019
3
3.103
3.02
2.93
2.859
2.729
3.137
2.949
2.97
3.031
3.299
3.195
2.704
2.696
2.453
2.518
2.889
2.976
3.1
2.776
2.788
2.485
2.201
2.313
3.006
3.503
3.414
3.396
3.59
3.687
3.704
3.355
3.797
3.525
3.692
3.841
3.73
4.17
4.26
4.211
4.192
4.138
4.362
4.443
4.179
4.614
4.592
3.877
4.328
4.464
4.265
3.971
3.956
4.656
4.932
4.829
4.818
4.877
4.245
4.975
4.54
4.333
4.496
4.789
4.516
4.363
4.436
4.719
4.569
4.29
4.243
4.473
4.442
4.344
4.112
3.73
3.724
3.522
3.474
3.139
3.141
3.119
3.22
3.131
3.15
3.377
3.412
3.49
3.406
3.406
3.357
3.529
3.54
3.563
3.738
3.784
3.816
4.175
4.067
3.977
3.661
3.705
3.962
3.964
4.171
4.113
4.067
3.931
3.892
3.811
3.53
3.376
3.387
3.423
3.358
3.054
2.914
3.317
3.354
3.323
3.507
3.384
3.681
3.819
3.45
3.487
3.526
3.43
3.576
3.741
3.456
3.599
3.627
3.813
3.464
3.27
3.896
3.691
3.831
4.287
4.567
4.669
4.984
4.963
5.769
6.188
6.2
7.01
7.49
6.802
7.91
7.85
8.86
9.03
9.67
8.99
8.34
7.7
7.98
7.26
8.96
8.92
7.47
7.95
9.31
8.39
8.76
8.42
8.51
7.71
8.46
6.85
6.377
8.61
8.53
7.98
7.35
7.97
8.12
7.95
8.6
8.98
7.65
7.64
7.38
7.67
6.553
6.738
6.769
7.15
7.46
7.9
6.641
7.73
7.58
6.65
7.73
7.29
7.59
6.904
7.51
7.3
6.889
7.89
6.889
6.749
7.59
7.3
7.37
7.48
6.658
7.46
8.05
7.58
7.64
8.11
7.2
7.1
6.459
7.26
7.45
7.6
7.8
6.61
7.56
7.76
7.48
6.645
7.68
7.36
6.674
6.81
7.48
6.668
6.544
7.39
6.73
7.9
7.43
7.09
8.17
7.62
6.965
7.66
7.64
7.26
6.685
8.05
7.69
6.356
6.771
7.98
7.19
8.29
6.57
7.5
7.02
7.04
7.37
7.03
7.61
8.23
7.08
6.99
7.71
7.58
7.62
7.94
7.94
7.9
7.21
7.08
7.64
7.06
7.21
7.93
7.08
6.503
6.719
6.606
6.62
7.39
7.25
7.27
7.15
7.59
6.839
6.928
6.802
6.666
6.153
5.281
5.196
5.619
5.503
5.305
5.899
6.37
6.868
6.796
6.597
6.953
6.977
7.32
6.775
7.2
6.783
7.14
7.39
6.916
6.808
7.29
7.26
7.26
7.1
7.42
7.52
7.35
7.03
7.58
8.07
7.91
7.81
8.45
8.34
8.93
8.04
7.88
8.2
7.98
7.77
8.27
8.02
7.68
7.38
7.58
7.17
7.43
7.55
7.61
7.56
7.91
8
8.02
7.43
7.41
7.68
7.45
7.7
7.58
7.85
7.4
7.82
7.32
8.08
7.99
7.39
7.41
7.3
6.825
6.762
6.687
6.432
7.02
7.45
6.735
6.985
7.18
7.02
7.1
6.945
7.18
6.925
6.351
6.811
6.873
6.891
6.813
6.223
6.709
6.75
6.796
6.491
5.573
6.111
5.801
5.891
5.839
5.444
5.316
5.156
5.657
5.681
5.863
5.286
5.045
5.162
5.274
5.744
5.708
5.869
5.635
5.066
5.136
5.207
5.411
5.911
5.571
5.548
5.555
5.503
4.965
5.534
5.251
5.211
4.936
4.765
5.184
4.781
5.066
5.084
4.44
4.662
4.844
5.706
5.805
5.441
5.318
5.017
5.81
5.108
6.233
6.262
6.148
6.721
5.61
6.045
5.837
5.591
6.041
5.687
6.043
5.927
6.223
6.525
6.329
6.257
5.375
5.205
6.447
5.221
5.529
5.391
5.058
4.792
5.353
4.967
4.724
5.673
5.321
5.169
6.599
7.09
6.106
6.123
6.071
7.47
7.23
7.28
8.79
8.4
7.49
9.6
9
8.39
8.35
8.19
7.83
8.05
8.07
9.04
8.15
8.03
8.2
8.2
7.34
8.09
6.588
7.31
7.51
7.66
7.74
7.17
7.95
8.09
8.42
8.9
8.79
8.64
8.09
7.06
7.02
6.779
7.44
7.64
7.21
9.71
9.06
7.91
7.59
7
5.942
7.71
6.934
6.593
6.413
6.664
5.83
6.339
7.71
7.17
7.2
6.728
7.17
7.52
6.777
8.54
7.81
8.23
8.1
7.89
7.28
6.384
6.819
6.213
5.639
7.77
9.05
8.14
6.53
6.39
6.816
8.14
7.5
6.043
5.677
5.846
7.37
7.55
7.8
7.78
7.51
7.06
8.03
6.906
6.052
4.483
4.353
5.138
7.37
6.899
6.244
7.33
7.81
7.52
6.712
7.88
7.65
7.57
7.79
6.435
6.587
6.813
6.659
6.339
6.696
6.037
5.682
5.303
5.417
5.896
6.646
6.108
5.443
5.782
5.636
5.584
5.805
6.511
6.053
5.913
6.813
7.17
7.39
8.15
7.89
7.08
7.81
7.38
7.75
7.11
6.608
7.3
7.38
6.801
7.57
8.01
8.25
9.39
8.8
8.13
8.39
8.7
8.9
8.86
8.39
9
9.07
9.47
9.17
10.38
9.28
8.58
9.32
7.89
9.36
9.77
9.01
9.73
9.49
8.59
9.2
8.95
8.92
8.64
9.35
9.11
8.01
8.46
8.18
8.45
7.81
8.24
8.01
7.81
7.91
7.39
7.65
6.771
7.18
8.25
7.84
7.58
7.51
7.52
6.948
7.31
7.45
6.565
6.352
5.936
5.565
4.975
4.83
4.793
4.674
4.416
3.942
4.08
3.779
3.81
3.884
4.046
5.246
4.97
4.762
4.308
5.136
4.769
4.634
3.982
4.476
3.9
3.941
3.995
3.932
4.037
3.867
4.132
3.951
3.755
3.927
3.557
3.816
3.639
3.738
3.88
4.203
4.361
4.839
4.732
4.745
4.803
4.58
4.668
5.057
4.994
5.315
4.611
3.733
3.916
3.801
5.908
5.278
5.313
4.837
4.829
5.951
5.451
5.499
6.13
7.41
6.977
6.384
8.21
9.21
10.22
9.22
9.05
8.93
7.97
8
7.61
7.48
7.41
6.002
6.146
6.708
6.08
6.071
5.96
6.108
6.341
6.08
6.893
6.188
7.59
6.351
7.7
8.09
8.2
7.41
7.62
8.23
8.78
8.66
7.74
7.24
6.767
7.15
8
7.08
7.14
6.574
6.667
5.826
5.468
4.974
5.45
6.465
5.926
6.194
5.782
4.93
4.66
4.436
5.02
3.443
3.534
5.106
5.072
4.537
4.422
4.255
2.426
2.605
7.34
9.39
9.51
9.36
10.13
8.32
10.73
10.15
9.25
8.17
11.15
8.83
8.87
9.84
7.75
8.81
9.94
8.7
10.85
8.6
9.85
11.22
8.19
9.31
10.49
12.69
7.89
10.2
11.26
9.79
10.15
9.51
13.06
10.68
12.05
9.67
10.07
9.91
11.99
10.28
11.22
8.85
8.85
9.89
9.56
8.38
10
9.79
8.07
8.44
9.13
7.61
8.56
10.93
10.89
11.04
11.02
11.49
11.53
11.98
10.21
10.77
9.75
9.26
11.37
10.77
9.97
9.58
9.7
9.37
9.16
8.66
9.23
9.07
8.5
7.87
8.18
6.888
7.14
8.49
7.11
7.59
7.27
7.36
6.964
6.728
5.508
5.223
4.054
4.195
3.767
4.149
4.035
3.775
4.141
4.75
5.751
6.106
7.45
8.04
8.62
7.76
9.29
12.71
11.2
11.52
10.86
9.75
9.07
9.45
8.61
8.64
10
9.8
10.18
9.08
8.89
9.21
9.2
8.07
6.911
7.09
6.05
5.25
5.125
6.432
6.569
5.923
6.27
5.483
4.78
4.122
3.672
4.733
5.351
6.821
7.04
7.14
6
5.19
5.738
5.647
5.767
5.346
4.833
4.104
3.864
4.674
3.971
3.78
3.851
3.8
4.743
4.48
4.39
4.472
4.383
4.832
5.113
4.941
4.589
4.783
5.157
5.436
4.804
4.76
4.542
5.412
5.008
4.897
4.523
4.116
4.441
4.104
4.463
4.252
3.864
3.805
3.427
2.942
2.729
2.396
2.368
2.341
2.468
2.786
2.981
3.261
3.724
4.332
4.139
3.332
3.331
3.962
4.5
4.99
5.021
4.519
3.905
3.433
3.43
4.164
4.124
3.999
3.719
3.938
4.231
4.211
4.208
3.829
3.683
3.859
3.951
4.198
4.51
4.433
4.967
4.909
5.016
5.661
5.373
5.253
5.544
5.417
5.804
5.411
5.91
5.988
6.789
7.05
6.138
6.105
5.43
6.304
5.972
6.088
5.809
4.745
5.791
5.093
5.753
5.002
5.498
5.99
5.849
6.45
5.289
4.962
5.634
6.09
5.978
4.992
4.684
4.766
5.266
5.444
5.288
5.711
4.904
4.529
5.694
5.45
5.244
6.466
5.627
6.139
5.544
4.856
4.508
5.275
4.239
3.666
4.113
2.86
4.326
4.059
4.457
3.9
5.023
3.263
3.314
3.569
3.571
4.016
4.175
3.019
2.183
3.413
4
3.155
2.107
4.328
2.775
1.911
1.778
3.775
3.251
3.458
3.229
1.686
1.626
3.086
2.965
2.902
2.409
2.369
1.16
1.727
.676
.944
1.298
1.616
1.005
1.63
2.238
2.461
1.711
1.787
1.255
1.257
1.417
1.106
1.261
.533
1.902
1.963
1.018
2.921
2.752
1.75
1.602
.716
1.398
1.621
2.394
2.257
1.272
2.679
2.419
2.32
2.618
3.437
3.255
2.07
2.003
.888
1.557
1.747
1.229
1.445
2.268
.84
.823
.933
1.008
1.6
2.547
2.214
1.609
2.012
2.4
2.546
2.394
2.716
3.447
3.15
2.846
3.221
3.421
3.405
3.286
3.225
3.166
2.832
3.21
3.192
3.342
3.042
3.192
2.972
3.075
2.976
2.933
3.044
3.263
3.387
3.412
3.645
3.35
3.109
3.177
3.152
3.016
3.426
3.152
2.936
2.994
2.959
3.113
3.291
3.266
3.199
3.373
3.707
3.72
3.632
3.542
3.821
3.803
3.454
3.594
3.879
3.849
3.918
3.528
3.801
3.75
3.779
3.925
3.88
3.717
3.505
3.155
3.321
3.282
3.182
3.325
3.539
3.866
3.776
3.518
3.555
3.956
3.457
3.602
3.648
3.736
3.714
3.845
3.184
3.126
3.184
3.295
3.44
3.556
3.334
3.431
3.83
4.077
3.592
3.493
3.107
3.247
3.243
3.227
3.68
3.367
3.135
3.123
3.206
3.155
3.433
3.421
3.522
3.53
3.254
3.079
3.213
2.899
2.751
2.896
2.987
3.009
3.056
3.059
2.924
2.479
2.918
2.711
2.565
2.552
2.537
2.923
2.948
3.067
2.899
2.997
2.997
3.117
2.97
3.353
3.584
3.603
3.277
3.398
3.656
3.476
3.071
3.04
2.534
3.153
3.335
3.202
3.681
3.709
3.743
3.359
4.294
5.095
5.467
5.927
6.612
6.429
7.24
6.783
6.099
5.546
5.652
6.141
6.107
6.542
7.04
8.11
9.41
8.94
9.13
9.8
9.56
7.22
8.02
8.96
8.58
8.63
8.54
7.95
7.93
7.7
7.12
7.31
6.837
7.09
7.65
7.37
7.1
7.52
6.898
7.11
7.91
7.58
7.46
6.8
6.671
6.261
6.675
7.11
6.089
6.792
7.25
6.202
7.14
6.52
6.533
6.673
7.63
6.889
6.425
7.17
6.412
7.54
6.17
8.03
7.03
7.97
6.981
7.93
6.796
7.88
7.81
5.369
5.442
7.16
6.43
7.03
7.16
5.933
8.27
6.408
7.41
8.52
6.877
5.985
6.318
6.167
6.26
7.33
7.84
6.933
6.105
5.352
5.643
7.76
7.23
7.46
6.097
6.926
5.575
6.875
5.262
7.63
5.57
6.324
8.39
9.06
8.4
7.23
8.48
8.65
8.16
8.61
8.08
7.83
5.642
7.91
7.43
7.18
5.455
6.372
5.375
5.432
6.639
6.558
5.88
6.147
5.147
5.271
6.576
6.287
5.754
4.85
5.614
6.273
5.252
4.972
5.313
5.129
5.119
5.234
5.001
4.746
4.407
4.026
4.075
3.623
3.316
2.456
2.989
3.61
4.095
3.418
4.311
5.259
5.92
5.309
5.174
4.891
5.373
4.463
3.407
4.871
4.529
5.269
5.848
5.613
5.486
5.625
6.038
5.995
5.766
6.496
6.441
6.377
6.262
6.677
6.633
6.759
6.554
6.48
7.39
7.2
7.05
7.16
7.13
6.606
6.826
6.881
6.947
6.319
6.518
6.673
6.497
6.482
6.437
6.419
6.605
6.376
6.248
5.891
5.913
6.055
6.025
4.934
5.493
5.081
5.114
5.408
5.731
5.829
4.791
5.134
5.038
5.452
5.606
5.605
5.183
5.177
4.841
5.4
5.142
5.506
5.543
5.378
6.118
5.402
5.489
5.306
4.921
3.618
4.25
4.914
4.8
4.122
3.087
4.064
3.86
3.622
4.153
3.69
3.736
3.445
3.671
2.862
3.725
2.913
2.93
2.991
3.303
3.277
3.048
2.578
1.457
.768
.556
1.971
1.706
1.94
1.985
1.942
1.595
2.056
2.787
2.552
2.642
3.525
3.111
2.241
2.233
3.677
4.115
3.83
3.075
1.732
3.09
4.36
3.328
3.113
3.307
3.995
4.779
4.971
5.565
5.514
5.285
4.68
4.137
4.053
3.753
3.711
4.514
5.131
4.867
5.683
5.853
6.535
6.838
6.672
6.695
6.854
7.59
6.282
6.316
6.869
6.91
6.175
6.443
6.064
5.876
5.757
4.962
4.543
5.628
5.137
5.355
4.613
4.194
3.211
4.232
3.129
3.952
4.004
3.788
4.335
4.826
3.954
4.6
4.46
4.428
4.757
4.745
4.279
4.271
4.097
3.522
3.43
3.09
3.063
3.548
2.023
3.284
1.767
2.813
3.11
1.706
2.335
1.719
2.843
3.018
1.897
1.917
2.215
2.265
1.222
1.071
1.446
.991
1.552
2.319
1.613
1.236
1.464
1.508
2.878
2.205
1.758
1.25
3.589
2.702
1.32
2.608
3.184
2.458
1.83
4.324
3.303
3.11
3.921
3.193
3.762
5.394
3.87
4.757
4.253
3.854
4.468
3.949
2.986
4.787
6.557
4.575
5.101
5.4
5.659
4.987
6.273
5.536
4.923
5.565
4.329
4.855
6.223
4.721
4.46
4.782
5.627
5.103
4.569
3.461
4.579
3.665
3.77
4.093
4.453
3.899
4.487
4.659
4.053
3.564
3.221
3.378
3.561
3.601
3.44
3.316
3.394
3.275
3.151
2.897
3.041
3.116
3.277
3.162
2.992
2.985
3.067
3.342
3.251
3.121
2.806
2.573
2.589
2.866
3.436
4.124
4
3.702
2.873
2.997
3.493
3.308
3.284
3.252
3.048
3.646
3.71
3.715
3.398
3.845
4.071
4.334
4.253
4.171
3.951
3.956
3.929
4.483
5.473
6.611
5.816
5.432
4.864
5.034
5.195
5.365
5.404
5.403
4.442
5.297
5.628
6.947
5.287
8.69
11.81
11.74
12.36
11.5
13.96
13.57
13.88
13.1
13.05
12.67
13.85
14.68
12.47
12.88
10.06
11.43
11.05
11
12.48
11.53
10.86
10.23
12.78
10.6
11.12
10.5
10.62
11.51
10.2
10.27
9.46
10.1
9.57
9.73
9.45
8.41
8.57
8.9
7.89
8.18
8.47
8.53
7.71
7.52
7.75
7.13
6.502
7.13
7.47
7.2
6.113
6.368
6.366
6.356
6.493
6.863
5.933
7.07
6.047
6.049
6.074
5.161
4.691
6.307
6.679
5.972
5.791
5.559
5.859
5.888
5.076
5.328
4.682
4.451
3.941
3.698
3.829
3.596
4.205
3.646
3.309
3.903
4.705
4.637
4.22
3.923
4.609
4.637
4.157
3.897
4.157
4.666
5.725
5.763
6.029
6.89
6.337
6.023
5.851
5.555
6.558
6.884
7.12
6.334
6.553
7.22
6.22
6.294
6.474
6.913
6.932
6.337
6.511
5.857
6.688
5.233
5.101
5.603
5.266
5.566
5.385
5.139
5.448
5.929
5.774
6.196
5.725
5.695
5.892
4.934
4.536
4.028
4.016
3.221
3.473
3.74
2.793
3.943
3.221
4.934
2.755
4.986
3.97
3.771
4.897
4.603
4.096
4
3.935
5.104
2.686
2.801
4.375
3.481
3.622
4.073
2.685
3.694
4.727
3.34
3.204
3.731
3.674
2.878
4.295
3.104
2.521
4.253
1.036
2.699
3.246
3.628
2.715
2.97
3.49
1.364
2.789
3.168
2.434
1.534
2.174
2.99
2.564
1.329
1.351
2.265
3.452
1.379
1.607
2.51
2.364
1.812
1.724
1.061
1.625
1.764
1.782
2.278
1.759
1.874
1.057
.491
1.251
1.728
2.394
1.827
2.202
2.294
2.768
2.777
2.16
1.369
1.782
1.845
2.197
2.075
.491
.498
1.595
2.278
2.375
1.431
1.739
1.972
2.213
2.176
1.784
1.161
.961
1.201
1.793
1.898
1.854
2.033
1.971
2.166
2.154
1.947
1.943
1.772
1.767
1.861
1.825
1.884
1.917
2.36
2.45
2.262
2.017
1.794
2.213
2.097
2.037
1.866
1.814
2.137
2.538
2.709
2.523
2.221
2.226
2.005
2.173
2.345
2.253
2.538
2.517
2.55
2.648
2.813
2.834
3.158
3.017
2.89
2.665
3.014
2.938
3.365
3.068
3.059
2.951
2.931
3.273
3.291
3.196
3.088
3.548
3.965
4.526
4.753
4.498
4.237
4.071
4.086
3.991
3.967
4.139
3.795
3.869
3.891
3.54
3.452
3.399
3.545
3.773
3.52
3.729
4.054
3.956
3.989
4.191
3.646
3.538
3.608
3.543
3.772
3.914
3.604
3.694
3.786
3.917
3.566
3.05
3.381
3.476
3.496
3.72
3.539
3.322
2.974
2.853
2.769
2.751
2.599
2.296
1.991
2.551
2.798
2.625
2.771
2.672
2.471
2.151
2.165
2.129
2.076
2.246
2.346
2.248
2.311
2.54
2.632
2.441
2.18
2.226
2.709
2.55
2.364
2.142
2.334
2.629
2.863
2.866
2.748
2.499
2.575
2.587
2.736
2.899
3.144
2.943
2.902
2.834
2.787
2.892
3.165
3.322
3.087
3.14
3.048
3.104
3.08
3.526
3.636
4.316
4.306
4.953
5.734
5.473
5.519
5.275
5.635
6.733
5.76
6.333
6.418
6.288
6.415
6.985
6.338
6.516
7.19
7.53
7.26
7.06
7.85
7.37
8.42
8.7
7.46
7.35
6.901
7.03
7.55
7.45
7.52
7.27
6.338
7.38
6.82
6.479
6.852
6.464
6.482
6.6
5.888
6.367
7.19
7.13
6.195
6.123
6.539
6.601
6.275
6.565
6.731
6.057
6.766
5.502
6.57
6.37
6.401
5.749
5.915
6.619
6.567
5.961
5.849
6.182
6.473
6.97
6.701
5.617
6.74
5.421
6.553
6.299
5.836
6.295
6.013
7.2
6.066
6.268
7.5
6.817
6.013
6.62
5.996
6.604
6.114
6.819
7.21
7.1
7.73
6.182
7.48
6.641
5.946
7.19
6.071
6.266
6.607
7.35
7.14
6.514
7.48
6.797
7.12
6.598
6.809
7.79
6.873
6.686
6.526
7.55
6.364
6.755
6.548
7.93
7.51
6.576
6.614
6.972
7.13
6.886
6.172
6.671
7.92
7.44
7.27
6.999
7.67
7.59
6.623
6.876
8.03
7.85
6.821
7.5
6.455
5.63
5.752
6.147
6.699
6.317
7.39
6.59
6.541
7.4
7.99
6.997
7.55
8.21
7.54
7.33
8.05
7.83
9.31
8.53
8.08
8.28
7.94
7.8
7.82
7.73
7.5
7.67
7.41
7.52
7.23
7.93
7.3
6.485
6.84
7.11
7.96
7.57
7.25
7.76
8.64
8.72
7.79
6.933
7.74
8.41
7.33
6.697
6.052
6.029
6.278
6.142
5.955
7.18
6.962
6.945
7.81
8.57
8.45
7.4
7.69
7.63
7.35
7.09
7.35
6.709
6.948
6.963
6.865
5.853
5.808
5.973
5.612
5.376
5.526
5.395
5.289
4.451
4.285
3.925
4.029
4.154
3.755
3.288
3.292
3.167
3.058
2.748
2.763
2.708
2.349
1.878
1.472
1.003
.918
.516
.907
1.596
2.185
2.393
2.316
2.784
2.364
2.933
3.826
3.218
3.317
3.04
3.884
3.985
5.162
5.515
6.076
6.538
5.227
4.63
4.188
4.44
4.59
4.228
4.283
4.63
4.659
4.536
4.771
4.305
4.943
4.465
4.471
4.649
4.66
4.438
4.17
3.961
4.409
3.756
3.665
3.23
3.631
3.499
3.464
3.468
3.566
3.617
3.606
3.682
3.41
3.853
4.004
3.984
4.275
4.148
4.636
4.984
5.116
5.305
5.793
6.524
6.059
6.337
6.113
6.437
6.083
6.443
5.898
5.962
5.79
5.242
5.542
5.817
5.904
5.389
5.584
5.168
5.379
5.552
5.658
5.143
5.86
5.869
5.388
5.637
6.048
5.48
4.936
5.207
5.438
5.729
5.44
6.073
5.484
4.736
5.258
4.386
4.719
4.731
4.816
4.747
5.585
5.948
6.249
6.016
6.444
5.352
5.919
5.124
5.475
5.797
6.278
5.391
6.114
6.333
6.534
6.803
7.24
6.225
6.661
6.264
6.934
6.003
7.64
7.23
6.999
7.4
8.22
6.999
6.959
6.611
7.43
6.812
5.354
8.27
6.36
6.789
6.525
6.553
7.01
7.51
7.44
7.39
6.199
7.52
6.704
6.67
7.61
5.931
8.57
7.04
8.42
6.891
5.969
6.544
7.23
6.934
6.238
7.14
6.433
6.347
7.55
7.93
8.76
7.6
7.92
7.54
7.77
8.24
6.902
8.99
8.89
7.51
8.34
8.25
8.61
8.44
8.52
8.05
8.74
8.71
7.91
8.26
7.17
6.822
8.24
7.19
7.9
7.77
6.568
6.832
7.18
7.25
7.73
8.31
6.918
7.37
7.44
7.55
6.99
6.706
6.299
6.992
6.92
6.515
6.438
6.988
7.17
7.24
6.986
7.51
6.816
7.25
7.3
6.874
7.49
8.35
8.99
9.18
9.71
10.23
9.21
8.31
8.8
9.63
8.83
10
9.73
9.01
10.55
9.35
9.9
8.66
8.85
9.32
7.63
9.99
8.4
7.9
9.13
7.98
8.07
8.36
9.01
7.96
8.51
8.75
7.32
7.27
6.689
6.442
6.903
7.69
6.684
7.45
7.35
7.32
6.865
6.576
7.42
7.26
8.5
7.09
7.84
6.773
8.6
6.84
7.69
8.18
7.2
6.821
6.642
7.04
7.4
6.518
6.442
7.2
6.628
6.514
5.298
5.706
5.855
5.724
4.533
4.836
4.878
4.632
4.856
5.203
5.335
5.235
4.314
4.484
4.673
3.973
3.109
4.248
3.669
4.043
3.274
3.795
3.664
4.108
4.266
4.091
3.277
3.707
3.78
3.66
4.119
3.486
4.163
4.562
3.969
3.87
3.284
4.363
4.177
4.555
4.916
4.665
5.199
5.211
5.096
4.922
4.515
4.139
4.41
4.498
4.69
4.58
4.232
3.751
3.534
3.452
3.564
3.781
3.771
3.939
3.986
3.603
3.332
3.907
3.682
4.328
4.205
4.335
4.306
4.308
3.837
4.013
3.62
3.824
4.19
4.173
4.293
4.206
4.368
5.352
5.168
5.751
4.227
5.192
5.273
4.943
3.904
4.595
4.209
5.066
5.037
4.379
3.839
4.011
3.936
4.196
3.683
4.583
3.665
5.046
4.314
4.882
3.782
4.219
5.539
4.741
5.428
5.051
4.603
4.739
4.292
4.282
3.616
4.162
4.698
3.284
4.047
4.584
5.259
5.849
4.6
5.4
5.208
4.853
5.523
6.169
7.29
6.764
5.843
5.754
7.78
7.53
5.718
8.24
5.93
8.26
7.44
4.84
8.57
9.37
6.865
9.4
9.14
9.56
8.51
6.678
7.9
8.24
8.47
9.05
7.61
7.78
8.65
9.92
11.51
9.46
10.37
10.72
9.04
11.05
8.93
9.1
9.17
9.22
9.06
10.68
9.31
8.73
7.92
8.36
7.08
7.28
9.01
7.83
8.05
7.15
8.22
9.7
8.52
9.18
9.77
9.11
9.23
8.07
7.22
9.14
8.2
7.46
7.65
7.53
6.956
6.585
5.657
6.042
7.02
6.518
5.948
4.985
5.041
5.721
5.136
5.571
4.826
4.486
4.319
3.957
4.374
5.652
5.728
5.187
4.831
4.832
4.774
4.692
4.467
4.356
4.351
4.503
4.338
4.457
4.067
4.001
4.441
4.608
4.645
4.889
4.96
5.107
4.99
4.612
4.333
4.059
3.814
3.395
3.045
2.23
1.996
1.791
1.786
1.648
2.203
2.198
2.314
2.786
3.081
3.288
3.337
3.262
3.507
3.434
3.576
3.748
4.34
4.854
5.397
6.03
6.947
7.48
6.317
6.18
5.542
5.385
5.195
5.478
4.613
5.246
5.387
5.158
4.877
4.878
4.538
3.764
3.25
2.991
3.19
3.679
4.206
4.106
3.882
3.639
3.646
3.885
3.929
3.911
3.763
3.711
4.022
4.553
4.412
4.432
4.056
3.692
3.474
3.294
3.599
3.797
4.198
4.352
4.57
4.856
5.089
4.705
4.627
4.434
4.597
4.778
4.854
4.763
4.866
4.799
5.088
4.902
4.519
4.2
4.187
4.162
4.011
4.153
4.116
3.97
3.834
4.008
4.287
4.622
4.523
4.545
4.435
4.286
4.148
4.225
4.321
4.276
4.517
4.589
4.818
4.861
5.063
4.615
4.14
4.176
4.787
4.654
5.023
5.09
4.529
4.075
4.45
4.631
4.18
4.635
4.998
5.244
4.503
5.158
5.752
5.907
5.281
4.596
5.295
5.359
5.362
5.571
5.794
5.414
4.775
4.302
3.971
5.029
4.353
4.623
4.523
3.864
4.666
4.239
4.237
4.255
3.251
3.024
3.453
3.673
3.711
3.046
3.684
2.826
3.317
3.674
2.505
3.222
2.567
2.907
2.952
3.05
2.847
2.663
3.318
2.742
2.492
2.88
1.768
2.777
1.798
1.644
2.092
2.54
2.054
1.869
1.015
1.941
.987
2.033
1.695
1.174
1.663
2.954
1.898
2.195
2.506
2.744
1.991
2.073
2.841
3.174
3.364
4.425
4.106
3.564
3.404
1.855
4.473
2.473
2.57
1.171
3.514
2.27
2.22
2.733
.771
2.192
1.351
3.003
3.428
3.967
3.478
4.352
4.24
4.602
4.728
3.492
3.013
2.934
3.291
3.164
3.339
1.923
.538
1.691
3.161
2.739
1.449
1.479
1.04
2.156
.953
1.331
2.486
1.016
2.121
2.565
1.465
2.052
2.612
2.652
1.246
1.612
1.936
2.251
3.486
2.384
.719
2.297
2.739
2.461
1.642
2.05
2.064
1.849
.929
1.073
1.091
1.077
1.258
1.389
1.816
2.478
2.65
2.761
2.874
2.337
2.071
2.589
2.53
2.62
2.416
2.301
2.054
1.475
1.224
1.637
2.198
2.735
2.192
2.065
2.261
2.688
2.734
1.97
3.12
2.004
1.199
1.954
1.015
1.815
2.148
1.703
6.356
6.059
6.078
6.527
6.218
6.459
6.82
3.758
1.761
2.671
.839
2.026
1.25
1.446
1.742
3.673
6.59
7.07
6.991
6.233
5.51
4.75
