3.408
3.593
3.449
3.395
3.24
2.933
2.465
2.259
2.043
1.352
.765
2.968
2.225
1.668
2.511
3.039
2.475
2.451
2.532
3.006
2.29
2.052
2.373
2.854
2.282
2.103
2.569
3.255
2.674
2.862
2.356
1.747
2.346
2.401
1.843
1.886
2.259
1.913
1.287
1.452
1.965
1.722
1.406
1.459
1.473
1.452
1.636
2.175
2.326
2.677
2.006
1.602
1.59
1.718
2.199
2.275
2.369
2.346
2.446
2.526
2.653
2.512
2.38
2.628
2.431
2.104
2.298
2.379
2.254
2.273
2.497
2.838
3.07
2.45
2.369
1.378
1.636
1.404
1.635
1.276
.248
.83
1.597
.881
.084
.023
.931
.923
.617
.885
1.568
1.433
1.798
2.539
2.18
2.222
1.869
1.666
1.916
1.393
1.248
1.442
1.933
1.61
1.408
1.177
.527
1.519
1.06
.343
.505
1.27
1.135
.577
1.146
1.469
2.301
2.42
2.667
2.75
2.843
3.268
2.926
2.993
3.094
3.241
3.366
3.019
3.415
3.343
4.034
4.692
5.049
4.439
4.179
3.688
4.891
5.068
4.81
4.562
3.987
4.887
4.18
4.936
5.714
5.94
7.9
6.878
7.46
6.966
8.55
7.43
7.76
8.6
8.19
9.13
9.38
9.55
9.65
8.28
8.24
9.49
7.28
8.67
6.639
8.3
8.75
9.93
11.53
10.53
7.8
9.28
9.77
9.61
8.76
11.24
10.11
10.65
11.93
9.62
10.8
10.77
9.85
10.96
10.82
14.62
15.24
16.01
14.38
16.09
15.67
14.95
14.6
15.86
14.42
16.38
15.97
16.93
17.98
16.53
16.27
14.59
14.14
14.06
14.34
13.54
13.62
14.39
11.32
12.39
14.3
12.45
12.04
12.54
11.83
10.13
10.67
12.81
11.62
9.89
10.01
10.66
12.02
10.71
10.04
7.53
8.2
7.65
6.741
8.25
7.05
7.1
6.966
6.529
7.44
6.996
7.69
6.115
5.346
7
8.07
7.08
8.45
7.96
9.49
8.92
7.49
5.994
6.39
7.15
7.45
7.77
9.09
9.34
7.82
8.05
8.71
8.08
8.55
7.98
7.35
7.6
8.77
8.22
9.18
8.25
7.37
7.2
6.938
8.13
7.74
8.29
6.576
8.34
7.1
8.39
8.13
8.33
10.14
9.12
9.69
8.3
7.68
8.41
8.02
8.91
9.54
9.25
9.82
9.56
10.09
9.33
8.88
8.96
9.09
8.54
8.87
8.24
9.45
9.18
9.11
9.62
8.64
8.17
8.46
8.57
8.27
8.51
7.88
9.5
8.08
8.78
8.06
8.48
8.43
9.2
9.59
10.56
10.69
10.16
10.28
10.02
10.19
10.34
9.76
10.65
9.94
9.41
8.95
8.6
8.78
7.95
7.58
8.27
8
8.4
8.17
7.84
8.46
8.71
7.78
8.33
8.07
8.42
7.92
7.84
8
7.97
8.57
8.26
8.65
7.73
8.98
7.94
8
8.41
8.83
8.56
9.13
9.68
9.67
9.83
8.53
9.34
8.73
8.48
8.17
7.81
7.31
7.59
7.05
6.379
6.486
5.789
5.701
5.535
6.563
5.915
6.11
5.932
5.762
6.208
6.249
6.62
6.334
6.979
7.01
6.907
6.806
6.32
6.754
6.932
7.7
7.97
7.44
7.72
7.75
8.53
9.59
8.7
9.39
8.2
9.76
9.33
9.87
9.97
9.53
9.18
9.47
10.73
8.88
9.2
9.13
9.21
9.14
7.83
8.38
8.47
8.64
9.08
9.22
9.38
9.21
8.77
8.71
7.67
7.98
6.89
7.88
8.84
7.53
6.411
7
9.13
8.5
7.63
8.57
8.72
7.61
8.68
7.74
6.192
6.074
5.141
6.289
8.23
7.66
6.622
6.121
7.47
7.47
9.41
6.36
7.62
7.99
5.305
7.81
5.354
7.02
5.947
7.52
6.513
6.393
7.56
7.87
8.05
6.635
6.947
7.97
7.12
6.781
6.999
7.17
5.681
7.98
7.2
7.48
7.32
4.906
5.672
6.212
5.898
6.048
6.976
5.957
5.199
5.815
6.215
6.716
6.096
4.897
4.712
4.415
5.63
5.594
6.197
5.159
5.231
5.56
4.791
4.175
4.518
4.046
3.312
3.287
3.302
3.949
3.332
3.54
3.573
4.224
4.837
4.584
4.149
4.222
4.085
3.697
3.371
3.372
3.126
3.045
3.306
3.157
3.03
2.766
3.215
3.416
3.318
3.445
3.752
3.716
3.118
2.663
2.887
2.756
2.612
2.816
3.348
3.302
3.636
4.22
4.091
3.804
4.045
4.414
3.568
3.457
3.739
3.47
3.177
3.211
2.744
2.742
2.697
3.435
3.778
2.798
2.429
2.392
3.224
5.215
7.21
6.676
6.172
6.16
6.596
7.3
5.555
6.176
6.205
5.884
6.167
6.582
6.447
6.52
6.254
5.832
6.879
6.961
6.625
6.458
6.514
7.3
7.44
5.846
5.138
5.636
5.544
5.167
4.588
4.959
4.13
3.803
3.596
3.735
4.3
4.356
4.104
3.726
4.134
4.899
4.768
4.028
3.759
4.241
4.381
3.896
3.994
3.864
3.859
3.185
2.847
2.583
2.369
2.074
2.118
1.92
2.054
3.583
4.093
3.637
3.256
2.957
3.25
3.682
4.044
3.699
3.709
4.128
3.809
4.165
4.289
3.712
3.337
3.255
3.125
3.476
3.751
3.974
4.037
3.758
3.327
2.8
2.795
2.86
2.893
2.619
2.556
2.998
2.937
3.114
3.02
3.14
3.176
3.141
2.932
3.038
3.267
3.296
3.605
3.227
2.927
2.691
3.13
3.168
3.211
3.347
3.081
3.513
3.711
3.751
3.918
3.952
3.909
3.669
3.124
2.87
2.901
2.89
2.929
3.324
3.547
3.691
3.968
3.893
4.015
4.894
4.902
4.99
4.828
4.622
5.288
4.979
4.869
4.546
4.198
4.137
4.266
3.796
4.238
4.56
3.932
3.696
4.192
3.63
3.74
3.45
3.547
3.506
2.882
3.014
2.256
2.07
1.931
1.864
2.302
1.848
2.708
1.411
.972
2.102
1.685
.85
1.674
1.457
1.574
1.213
1.461
1.258
2.05
1.282
.868
1.578
1.754
3.145
1.681
.893
2.366
1.953
1.601
2.317
2.568
1.624
2.932
1.521
2.635
2.891
2.956
2.853
2.007
.898
1.809
3.616
3.566
3.975
3.416
2.005
3.078
3.326
2.633
1.762
3.514
2.327
3.721
2.575
3.522
3.624
4.248
4.61
4.369
3.229
4.043
4.459
3.877
4.195
3.039
2.857
2.307
3.272
2.19
1.583
1.497
2.295
1.495
1.208
1.005
.32
.853
1.079
2.129
.705
1.777
2.209
2.935
3.169
2.08
1.861
2.705
1.8
.906
.605
.007
.133
.003
.156
0
.068
0
.13
.151
.4
.179
.069
.364
.282
.461
.433
.429
.417
.648
.342
.197
.73
1.443
1.398
.22
.138
.335
1.482
1.857
1.923
1.615
1.712
1.891
1.796
2.273
2.409
2.208
2.434
2.583
2.291
1.837
2.001
1.971
1.924
2.004
2.471
2.556
2.419
2.228
1.44
1.139
1.008
.775
.754
.896
1.601
1.914
2.238
2.695
2.804
2.676
2.812
2.843
2.687
2.809
2.724
2.494
2.505
2.882
3.437
3.559
3.884
3.928
4.126
3.464
3.521
3.849
3.729
3.541
3.704
3.73
3.76
3.332
3.309
3.083
3.24
3.379
3.19
3.283
3.41
3.622
3.942
3.933
4.157
4.276
4.25
4.304
4.359
4.532
3.782
3.817
4.092
3.86
3.571
3.594
3.574
3.298
3.173
3.559
3.642
3.543
3.6
3.407
3.51
3.22
3.378
3.399
3.183
3.561
3.549
3.285
3.427
3.704
3.771
4.101
4.644
4.663
4.583
4.467
4.521
4.71
4.729
4.362
4.89
4.816
4.825
4.688
4.744
4.488
4.119
4.357
3.926
3.808
3.593
3.805
3.902
4.081
3.957
3.993
3.628
4.027
4.22
4.141
4.494
4.164
4.234
4.77
4.665
3.997
4.186
4.632
4.268
4.444
4.456
3.914
4.294
4.005
3.801
3.543
3.422
3.467
3.283
3.472
3.493
3.288
3.102
2.753
2.848
2.656
2.661
2.77
2.693
2.942
3.35
3.253
3.259
3.056
3.036
3.148
3.047
2.88
2.973
3.139
3.114
2.812
2.774
3.356
3.528
3.953
4.183
3.628
3.649
3.494
3.537
3.137
2.547
2.653
2.499
2.811
2.516
2.208
2.618
2.15
2.985
3.648
2.063
2.632
2.289
2.436
2.608
3.265
3.339
2.877
3.439
2.728
3.08
3.624
3.917
2.203
3.522
4.122
2.134
2.114
3.478
2.737
4.648
3.839
3.373
3.937
3.845
3.1
2.318
1.95
1.082
1.693
3.509
3.586
1.783
1.395
3.1
3.688
2.731
1.99
2.086
2.368
2.843
3.77
2.802
3.246
3.14
2.853
2.672
2.424
3.286
3.401
2.74
2.526
3.382
3.316
3.512
3.271
3.777
2.988
3.313
2.964
2.516
2.848
3.163
3.085
3.043
2.777
2.996
2.462
2.553
2.273
2.421
2.527
2.47
2.85
3.129
2.652
2.779
2.791
2.846
2.999
2.868
2.838
2.885
2.976
3.242
3.067
2.904
2.898
3.052
3.088
2.934
2.949
2.981
3.102
3.421
3.423
3.474
3.416
3.356
3.674
3.968
4.087
3.848
3.623
3.449
3.445
3.86
3.797
3.932
4.133
4.176
4.202
4.248
4.176
4.078
4.118
4.335
4.313
4.151
4.385
4.546
4.46
4.129
3.985
3.971
3.978
4.145
4.212
4.11
4.043
3.979
4.017
4.137
4.143
4.076
3.908
3.962
4.142
4.036
4.01
3.963
3.523
3.301
3.398
3.228
3.111
2.945
2.667
2.732
2.848
2.728
2.634
2.864
2.738
2.565
2.709
2.79
3
3.244
3.155
3.357
3.516
3.605
3.536
3.446
3.405
3.822
4.168
4.438
4.771
4.478
4.109
4.367
4.669
4.832
4.706
4.251
4.122
4.223
4.138
4.212
4.233
4.363
4.03
4.282
4.245
4.35
4.17
4.285
4.304
5.144
5.375
5.65
5.901
5.615
5.771
5.74
5.47
5.348
5.281
5.104
5.769
5.521
5.124
5.428
5.793
5.689
5.698
5.819
5.625
5.696
6.006
6.19
5.8
5.538
5.484
4.898
5.197
4.944
5.134
4.875
4.584
4.406
4.704
4.284
4.263
4.303
4.917
4.835
4.688
4.715
4.408
4.948
5.102
4.859
4.931
4.716
5.114
4.25
4.838
5.693
5.425
5.11
4.998
5.067
4.896
4.941
6.071
6.013
5.846
5.898
5.459
6.16
5.641
5.326
5.757
4.829
5.327
5.423
5.294
5.26
5.792
5.036
4.427
5.194
4.169
4.643
4.169
4.824
4.944
5.245
4.371
3.339
4.435
4.913
5.935
6.282
4.82
4.511
4.46
4.222
5.071
5.128
4.353
4.763
4.827
3.974
3.381
4.371
4.824
5.774
5.674
6.22
6.692
5.335
5.865
6.339
6.859
6.151
7.04
5.963
6.219
5.994
6.241
7.37
6.952
6.982
8.18
7.96
9.06
8.06
8.58
6.512
7.92
4.78
7.49
7.46
6.488
7.45
7.53
6.747
7.9
7.85
6.536
7.51
8.64
7.28
7.17
7.82
9.36
11.16
11.03
9.34
11
10.29
10.36
9.12
9.91
9.32
10.9
8.53
8.41
7.54
7.39
7.65
8.05
8.94
8.09
8.11
8.38
7.88
7.99
8.03
6.948
6.484
6.136
5.931
5.395
9.5
8.77
7.98
8.28
7.58
6.213
5.516
5.268
5.626
6.059
5.966
5.658
5.129
4.638
4.417
4.104
4.157
4.388
4.193
4.232
4.218
4.246
4.636
4.406
3.718
3.774
3.815
3.819
3.972
3.882
3.794
3.955
4.055
4.199
4.283
4.3
4.156
3.966
4.165
4.179
4.188
4.281
4.124
3.999
4.014
4.02
4.14
3.913
3.68
3.445
3.393
3.382
3.564
4.227
4.036
3.991
3.761
3.895
4.157
4.086
4.013
4.064
4.257
4.402
4.378
4.409
4.088
4.008
3.861
4.021
4.033
4.099
4.194
4.219
4.396
4.225
4.005
4.114
3.567
3.418
3.439
3.772
4.234
4.5
4.073
4.048
3.909
3.934
3.807
3.347
3.29
3.541
3.429
3.579
3.691
3.687
3.325
3.309
3.18
3.362
3.556
3.424
3.59
3.327
3.28
3.685
3.736
3.684
3.492
3.211
3.468
3.52
3.397
3.353
3.304
3.663
3.44
3.6
3.588
3.805
4.248
4.269
4.634
4.541
4.351
4.024
3.88
3.768
4.147
4.088
3.753
3.807
3.616
3.246
3.672
4.058
3.585
3.2
3.217
3.233
3.074
3.478
3.697
3.627
3.469
3.571
3.883
3.71
3.26
3.093
3.048
3.218
3.679
3.44
3.522
3.493
3.665
3.401
2.998
3.152
2.859
2.536
2.204
2.361
2.789
2.926
2.642
2.527
2.429
2.515
3.033
3.089
2.564
2.346
2.668
2.623
2.279
2.359
2.659
2.218
2.481
2.538
3.099
2.877
2.717
2.834
2.888
3.134
2.855
2.789
2.639
2.786
3.211
2.522
2.658
3.243
2.81
2.535
2.956
3.005
3.5
3.604
2.974
3.963
4.443
4.045
4.348
4.446
3.409
3.644
3.443
3.701
3.441
3.676
3.815
4.349
3.931
3.889
4.986
3.796
4.633
4.477
4.896
3.516
3.84
4.074
3.846
2.481
3.827
4.043
3.667
3.242
4.366
3.938
4.82
4.313
4.001
3.386
2.477
3.106
3.02
1.867
3.265
3.827
3.354
2.639
3.888
2.231
3.041
1.364
1.742
1.882
2.518
1.965
1.567
2.273
2.819
2.99
3.239
3.273
3.925
2.45
2.856
1.767
3.464
3.405
2.258
3.401
4.132
3.983
3.492
3.794
3.75
3.329
3.705
3.723
3.624
3.436
4.03
4.345
4.162
3.881
4.004
3.693
3.805
3.859
3.736
3.597
3.587
3.541
3.467
3.574
3.975
3.893
3.965
4.238
4.101
3.771
4.249
4.358
4.532
4.688
4.427
4.355
4.402
4.308
4.447
4.663
4.837
4.606
4.44
4.848
5.121
5.069
4.726
4.792
4.775
4.793
4.42
4.352
4.211
4.093
4.158
4.328
4.616
4.588
4.596
4.876
4.65
4.521
4.414
4.074
3.776
4.11
4.506
4.684
4.433
4.488
4.29
4.561
4.347
4.719
4.475
4.572
5.1
4.837
4.958
4.922
4.844
5.378
5.019
4.765
4.672
4.596
4.744
4.894
4.128
3.956
4.073
4.084
3.556
3.658
3.406
3.755
4.025
4.313
4.313
4.49
4.283
3.594
3.565
3.969
3.942
3.136
3.308
3.107
3.225
3.173
3.331
3.001
3.414
3.509
3.554
3.553
3.262
3.193
3.262
4.221
4.403
4.195
4.141
4.018
3.945
3.812
3.518
3.138
3.336
3.304
3.796
3.66
4.453
4.614
4.466
4.969
4.947
5.098
4.918
5.259
6.273
6.076
4.977
4.98
4.533
3.844
4.311
4.653
4.799
4.598
5.063
5.334
5.115
4.682
4.597
4.876
4.327
4.31
4.786
4.897
5.048
5.253
4.761
4.187
4.334
4.695
4.421
4.843
4.781
4.665
4.482
4.745
4.561
4.365
4.633
4.882
4.526
4.509
4.859
4.928
4.989
5.018
4.747
4.758
3.861
3.446
3.582
3.452
4.022
3.975
4.254
3.924
4.329
4.531
3.949
3.965
4.206
4.306
4.918
4.984
4.779
5.921
6.119
6.728
6.79
7.2
6.565
8.33
7.67
7.36
6.4
7.98
7.02
7.98
8.09
8.25
7.03
7.3
6.788
6.74
6.406
7.07
7.19
6.115
6.447
6.643
6.865
7.16
7.82
7.52
7.3
6.001
7.31
7.26
6.981
6.527
7.19
7.58
8.71
7.37
7.83
7.32
7.15
6.941
6.794
7.28
6.543
6.165
6.609
6.279
6.037
7.16
6.433
5.744
6.016
5.507
6.857
6.168
6.773
6.367
6.178
5.709
6.492
6.25
5.895
6.543
6.697
6.6
6.492
6.762
7.87
5.765
6.885
6.377
6.271
6.986
6.45
6.06
6.31
6.026
5.278
6.757
6.055
5.94
5.341
6.175
5.731
6.805
5.447
5.817
5.434
6.141
6.047
6.213
4.772
4.4
5.332
4.711
5.17
4.51
4.341
4.045
3.596
3.462
2.932
2.95
3.065
3.27
3.111
3.352
3.84
4.038
3.836
3.897
3.492
3.507
3.395
3.532
3.129
2.855
2.467
1.931
1.74
2.217
2.481
2.821
2.727
2.393
2.499
2.658
2.762
3.08
3.504
3.499
3.166
2.878
2.836
3.175
3.789
3.865
3.899
4.121
4.043
3.671
3.061
3.186
2.902
2.822
2.547
2.604
2.753
3.252
3.095
3.183
3.065
2.935
3.119
3.14
3.374
3.535
3.4
3.266
3.033
3.298
3.636
3.785
3.573
3.272
3.38
3.609
3.692
3.72
3.7
3.863
3.998
4.028
3.951
3.743
3.847
4.091
3.755
4.462
5.721
6.109
6.445
6.489
5.545
6.855
7.28
7.06
7.32
6.8
7.34
6.222
6.323
5.984
5.784
4.659
4.643
5.34
5.721
5.332
5.507
4.694
4.768
5.28
6.584
5.895
5.476
4.897
4.459
4.482
4.319
4.038
3.669
3.506
3.739
4.131
3.891
3.792
3.678
3.482
3.642
3.772
3.817
3.522
3.488
3.327
3.152
3.316
3.638
3.685
3.474
3.651
3.806
3.766
3.716
4.105
4.047
3.904
3.883
3.97
4.367
4.326
4.659
4.512
4.52
4.609
4.388
4.109
3.76
3.844
4.007
4.002
4.249
4.355
4.44
4.417
4.252
3.942
3.864
3.974
3.806
3.815
3.853
3.715
3.584
3.634
3.362
3.37
3.474
3.463
3.535
3.399
3.057
3.482
3.372
4.099
4.24
3.971
3.932
4.64
4.535
4.882
4.813
4.314
4.006
4.917
4.547
4.29
4.837
4.541
4.451
4.951
3.967
4.766
4.812
4.178
4.465
3.876
4.086
3.528
3.557
3.321
3.901
3.912
3.696
3.309
3.847
3.864
3.023
3.034
2.523
2.735
1.613
2.95
3.075
4.113
1.905
1.923
2.63
2.304
1.822
2.672
1.704
2.262
1.716
1.795
2.039
3.303
1.409
.66
1.495
2.159
1.834
2.36
1.229
1.627
2.296
3.454
2.475
2.652
2.921
1.192
1.967
3.074
3.626
2.17
1.208
3.107
2.255
2.985
1.65
.805
1.914
2.261
2.864
3.075
1.886
3.04
2.023
3.632
4.244
3.924
3.254
2.112
2.245
2.876
.708
.865
1.264
.874
2.14
1.929
1.419
2.246
1.576
1.443
2.488
2.099
1.936
.821
.623
1.299
1.714
1.384
1.26
.946
1.76
.971
.877
.336
.5
.57
.723
.912
.897
.655
.595
.917
.988
1.087
.834
1.137
.856
.877
1.165
1.701
1.528
1.142
1.078
.58
0
0
.019
.477
.72
.766
.987
.77
.721
.545
.651
.459
.429
.879
.964
1.041
1.208
.942
.419
0
0
0
0
0
0
0
0
.008
.057
.212
.264
.263
.294
1.592
2.062
2.338
2.431
2.943
3.985
3.74
3.53
3.402
3.83
3.758
3.899
3.627
3.183
3.291
3.536
3.665
3.429
3.611
3.584
3.612
3.656
3.846
3.682
3.433
3.577
3.681
3.688
3.521
3.626
3.687
3.611
3.474
3.499
3.481
3.333
3.345
3.032
3.148
3.179
3.01
3.277
3.293
3.319
3.503
3.274
3.224
3.823
3.823
3.76
3.81
4.05
4.218
3.802
3.621
3.974
3.683
3.468
3.766
3.625
3.799
3.79
3.856
3.847
3.668
3.476
4.009
3.775
3.831
4.343
3.967
3.778
3.889
4.137
4.561
4.167
3.912
3.929
4.057
4.019
3.847
3.918
3.927
3.933
3.899
3.414
3.16
3.398
3.462
3.697
3.674
3.807
3.443
3.301
3.165
3.223
2.867
3.334
3.327
2.952
3.095
3.23
3.33
3.802
3.891
3.652
3.018
3.346
3.226
3.207
3.171
2.905
3.056
3.718
3.566
3.388
3.253
3.317
3.031
2.797
2.742
2.136
2.343
2.963
3.384
3.266
2.989
2.948
2.308
2.388
2.825
2.555
2.49
2.565
2.881
2.991
3.093
3.51
3.126
3.298
3.843
4.108
3.73
3.314
3.491
3.617
3.496
2.959
3.302
2.628
2.899
3.206
3.115
2.852
2.395
2.849
2.058
3.198
1.734
2.402
2.059
1.765
.776
1.36
1.65
1.378
1.966
1.997
2.329
2.103
1.771
1.515
2.356
1.477
1.249
1.518
1.733
2.865
2.085
2.163
1.825
3.481
1.222
2.827
2.641
3.674
2.485
4.072
3.148
2.337
3.79
2.178
1.031
3.264
3.549
3.126
1.963
2.245
2.661
3.309
3.365
3.466
3.417
3.791
3.67
4.246
4.351
2.607
3.508
3.087
3.666
3.848
3.451
2.559
2.313
2.548
1.975
3.75
3.161
2.774
2.278
2.342
3.129
3.993
3.128
2.576
2.25
2.753
3.097
2.819
2.433
2.008
.937
.583
1.284
1.755
1.459
1.298
1.171
1.073
.685
.541
.117
0
0
0
0
.05
.103
.485
1.7
1.718
1.293
1.053
1.12
1.529
2.062
2.448
2.635
2.619
2.702
2.787
2.61
2.412
2.254
2.311
2.255
2.095
2.201
2.258
2.237
2.157
1.937
2.085
1.837
1.68
1.576
1.686
1.922
2.27
2.492
2.434
2.428
2.572
2.602
2.778
2.821
2.895
3.068
3.086
3.442
3.388
3.093
2.946
2.794
2.764
2.827
3.073
3.086
3.205
3.147
3.171
3.265
3.517
3.496
3.164
3.103
3.236
3.408
3.436
3.37
3.196
3.081
3.01
3.058
3.047
3.331
3.428
3.393
3.386
3.623
3.616
3.406
3.224
3.19
3.224
3.269
3.369
3.333
3.206
3.034
2.969
2.872
2.903
3.136
3.182
3.258
3.501
3.647
3.636
3.526
3.476
3.485
3.582
3.557
3.426
3.41
3.111
3.003
2.856
2.889
3.051
3.227
3.252
3.643
2.993
2.688
2.736
2.5
2.403
2.805
2.647
2.844
3.41
3.273
3.562
3.814
4.075
4.012
3.852
3.715
3.613
3.695
3.718
3.792
3.233
2.312
1.522
1.629
2.073
2.083
2.264
2.563
2.504
2.796
2.717
2.532
2.402
2.352
2.518
3.02
3.139
3.272
3.259
3.329
3.009
3.25
3.048
2.615
2.676
2.538
2.405
1.999
2.167
2.287
2.318
2.312
2.299
2.203
1.695
1.593
1.414
1.863
1.951
2.371
2.616
3.177
3.449
3.189
3.119
3.272
2.932
2.845
2.75
3.54
3.83
3.069
3.197
3.497
3.554
4.429
4.285
4.138
4.632
4.201
5.02
4.703
4.668
4.528
4.34
5.04
5.484
5.25
5.466
5.777
6.3
6.202
5.75
5.872
6.263
6.316
6.097
6.154
6.864
6.06
5.553
6.286
7.32
6.575
6.725
6.841
6.998
6.623
5.514
6.138
6.684
5.953
6.232
6.376
6.754
5.557
6.065
6.596
6.544
6.246
5.881
6.637
4.823
5.88
5.84
5.717
5.499
5.47
5.795
5.97
5.374
5.269
4.823
5.406
6.382
5.603
5.263
5.241
4.972
5.331
5.76
5.151
5.72
5.909
5.692
4.911
5.887
5.736
5.585
5.115
6.13
6.612
6.424
7.03
4.632
6.326
5.145
5.842
4.858
5.251
6.244
4.874
5.563
4.291
4.742
4.629
4.29
3.631
3.615
3.722
3.709
3.602
3.842
3.898
3.995
3.888
3.875
3.938
3.866
3.956
4.142
4.251
3.827
3.883
3.905
3.999
3.787
3.977
3.719
3.799
3.955
4.066
4.159
4.374
4.291
4.566
4.582
4.923
4.809
4.582
4.483
4.552
4.821
4.841
4.529
4.621
4.615
4.809
4.372
4.675
4.491
4.214
3.932
4.269
4.36
4.364
4.214
4.323
4.463
4.521
4.662
4.623
4.668
4.433
4.418
4.61
4.897
4.93
4.786
4.7
4.615
4.679
4.574
4.415
4.335
4.257
4.469
4.673
4.577
4.483
4.224
4.568
4.674
4.722
4.712
4.492
4.439
4.224
4.861
4.395
4.811
4.572
4.531
4.623
4.619
4.462
4.545
4.408
4.535
4.523
4.347
4.349
4.504
4.46
4.405
4.186
4.066
3.976
4.001
4.05
3.387
3.192
3.005
3.418
3.585
3.698
4.121
4.239
4.188
3.741
4.065
4.385
4.468
4.126
4.243
4.022
4.263
4.734
4.571
4.217
4.291
4.129
4.571
4.851
4.805
5.085
4.336
4.896
4.731
4.339
4.354
4.768
4.834
4.457
4.394
4.442
3.888
3.273
3.127
3.132
3.007
3.696
3.74
3.707
4.027
4.31
4.161
4.242
4.132
4.013
3.329
3.282
3.362
3.094
3.092
3.91
3.87
3.645
3.753
3.438
3.187
3.325
3.59
4.141
4.998
5.08
5.414
6.105
6.319
6.248
5.859
6.124
5.497
5.628
5.714
6.471
6.402
6.623
6.566
7.27
6.933
7.9
7.26
6.563
6.672
6.692
6.934
5.978
6.143
4.972
4.879
4.482
4.389
4.722
5.027
4.584
4.394
4.276
4.055
3.661
3.042
3.559
4.205
4.157
3.682
3.926
4.125
3.087
3.273
3.295
2.701
4.041
2.577
3.785
3.361
3.513
3.809
4.24
4.197
3.861
4.394
4.153
4.191
3.604
4.004
4.065
3.391
3.449
3.463
3.982
3.687
2.591
4.476
3.942
4.086
3.707
3.546
3.927
4.181
4.861
3.877
4.875
4.997
3.996
4.014
4.015
3.543
3.109
4.028
3.265
4.026
2.745
3.227
3.507
4.081
4.985
5.391
3.819
4.4
5.077
4.789
4.574
3.62
4.354
4.209
3.276
3.548
3.243
3.881
4.126
2.953
3.802
3.296
2.891
1.421
2.075
2.319
1.902
1.539
1.58
1.823
2.058
1.953
2.421
2.518
2.513
2.573
2.36
2.376
2.9
3.03
2.974
2.888
2.799
2.912
2.969
3.049
3.127
3.198
3.048
2.605
2.649
2.807
2.719
2.423
2.401
2.262
1.991
1.883
1.872
1.769
1.427
1.096
1.251
1.194
1.288
1.472
1.756
1.621
1.372
1.387
1.479
2.023
1.82
1.567
2.006
2.465
2.503
2.328
1.971
2.07
2.06
1.408
1.356
1.805
1.974
1.414
1.154
1.02
.923
1.035
1.129
1.023
.832
.931
1.217
.851
.624
.464
.606
.58
.558
1.073
.738
.627
.415
.689
.707
.532
.142
.014
.277
.514
.296
.09
.084
.055
.23
.017
.27
.151
.021
.359
1.379
1.408
1.372
1.214
1.291
.802
1.077
1.653
1.519
1.924
1.394
.708
.598
.961
1.381
1.711
1.611
1.223
.713
.33
.213
.087
0
0
0
.027
.436
1.356
1.52
1.652
1.515
1.808
2.387
3.028
2.996
2.488
2.777
2.863
3.013
3.196
3.515
4.206
4.465
4.568
4.361
4.244
4.262
4.042
3.615
2.806
2.223
1.885
2.046
2.666
3.116
3.226
3.778
3.865
3.831
3.655
3.434
3.441
3.585
3.344
3.163
3.308
3.16
3.391
3.74
3.354
3.259
3.013
2.487
2.244
2.208
2.739
3.8
3.223
2.901
3.116
2.255
2.981
2.999
2.637
2.719
2.55
1.97
2.291
3.355
3.692
3.85
2.852
3.523
3.356
3.224
2.905
2.629
2.654
1.967
1.573
1.288
.862
.718
.418
.623
.104
.31
.269
.929
1.419
1.548
1.664
2.13
1.466
1.668
1.764
1.671
1.547
2.034
1.745
2.254
1.756
1.928
2.089
2.312
3.247
3.471
3.647
3.073
3.06
3.476
3.441
2.4
2.799
2.67
3.678
2.616
1.728
2.571
2.357
2.032
2.378
2.327
2.708
1.927
3.002
3.605
3.375
5.276
4.618
4.318
4.569
4.293
4.809
4.266
4.626
3.413
3.486
3.593
4.285
2.932
3.067
4.152
3.563
3.987
4.267
3.198
2.975
3.439
2.498
4.121
3.569
3.727
4.008
4.141
3.527
3.524
3.917
4.072
3.577
3.434
3.845
3.355
2.684
3.281
4.398
3.43
3.568
3.73
3.668
3.537
4.281
3.834
5.108
4.612
3.856
4.241
3.68
4.52
4.594
3.913
4.28
4.389
4.377
4.168
3.859
3.445
3.528
3.785
3.852
3.82
4.264
4.24
4.036
4.148
4.084
4.319
3.835
3.706
3.775
4.261
4.205
3.843
3.77
3.559
3.4
3.288
3.012
3.022
3.446
4.13
4.864
4.748
4.575
4.626
4.221
4.375
4.276
3.994
4.113
4.243
4.244
4.184
4.117
4.334
3.986
4.03
4.143
3.982
4.105
4.035
3.836
3.88
3.791
3.941
3.997
4.211
4.309
4.24
4.169
4.108
3.934
3.769
3.602
3.685
3.429
3.542
3.513
3.417
3.282
3.618
3.529
3.381
3.369
3.218
3.315
3.499
3.506
3.596
3.356
3.321
3.044
3.099
3.224
3.637
3.569
3.314
3.119
2.854
2.923
2.726
2.72
2.785
2.875
2.586
2.522
2.59
2.42
2.602
2.5
2.436
2.653
2.758
2.861
2.698
2.674
2.594
2.501
2.59
2.553
2.559
2.871
2.72
2.9
2.954
2.931
3.049
2.942
2.783
2.905
3.014
2.964
2.961
3.155
3.105
2.8
2.727
2.89
3.105
3.118
3.032
2.992
3.025
3.318
3.06
2.986
3.049
2.959
2.818
2.93
3.046
2.983
2.917
3.079
3.044
2.871
2.774
2.734
2.666
2.779
2.741
2.85
2.926
2.884
2.809
2.759
2.676
2.669
2.751
2.688
2.695
3.002
2.95
2.996
2.983
3.05
3.147
3.092
3.136
3.227
3.339
3.218
3.607
3.74
3.788
4.045
3.902
3.873
4.207
3.992
3.802
4.628
4.489
4.963
4.722
4.733
5.506
5.697
5.873
5.931
5.351
5.655
5.268
5.898
6.198
6.13
5.966
5.848
5.831
5.367
5.414
5.388
5.538
5.474
5.482
5.043
5.292
4.346
5.096
5.523
5.119
5.652
6.026
5.862
4.939
5.087
6.134
5.83
4.884
5.174
5.519
5.461
5.759
5.648
5.409
4.771
5.321
6.548
5.538
5.954
5.198
5.7
5.898
5.966
5.072
5.676
5.143
5.185
4.953
4.786
5.077
5.425
5.189
4.164
4.667
4.805
5.921
4.592
6.545
5.763
6.2
6.198
5.235
5.104
5.493
5.601
5.428
6.254
6.128
6.838
6.029
6.341
6.81
7.31
6.173
6.361
6.44
6.183
6.35
6.095
6.605
5.628
6.197
6.863
6.281
5.942
6.002
6.633
5.557
6.087
4.785
5.271
5.001
5.562
4.989
6.054
4.66
4.808
4.305
3.897
3.792
3.79
3.749
3.829
3.924
3.428
3.427
3.751
3.89
4.012
4.49
4.518
4.442
4.51
4.495
4.802
4.607
4.741
5.123
5.35
5.785
5.588
5.604
5.961
6.068
6.136
6.127
5.593
5.549
5.912
5.702
5.828
5.955
6.221
6.229
6.421
5.773
5.799
5.521
5.618
5.745
5.693
5.783
5.914
5.721
5.638
5.227
5.361
5.631
5.714
5.607
5.684
5.708
5.558
5.581
6.328
6.683
5.938
6.115
6.268
6.841
7.18
7.09
7.32
6.915
6.266
6.992
6.089
5.69
6.111
6.238
6.373
5.9
6.032
6.271
6.31
6.401
6.463
6.145
6.344
6.511
6.944
6.557
5.97
6.69
6.797
6.188
6.744
6.202
6.228
6.153
6.042
6.302
5.565
6.101
6.167
5.759
5.933
6.388
6.11
6.019
5.888
6.309
6.446
5.717
5.842
5.808
5.765
6.027
6.04
5.653
5.878
5.448
5.16
5.117
4.994
4.871
4.905
4.891
4.939
4.387
4.639
4.474
4.699
4.798
4.549
4.19
4.258
4.517
4.86
4.866
4.642
4.572
4.569
4.781
4.873
4.903
4.878
5.11
4.581
4.054
3.956
3.487
2.987
3.072
3.916
4.321
3.815
3.604
3.439
4.032
3.626
3.623
3.003
3.557
3.436
3.559
3.961
3.364
3.314
3.491
3.682
4.676
4.481
4.831
6.443
6.729
6.673
6.933
6.898
6.515
6.504
6.423
5.649
6.126
8.61
7.17
7.24
7.46
7.47
7.72
7.25
8.09
7.38
7.84
8.03
8.72
8.48
7.41
8.21
8.08
8.36
8.81
7.73
8.79
7.72
7.18
6.686
6.529
7.4
7.36
6.981
6.763
7.33
7.02
6.967
6.301
7.54
7.45
6.936
6.915
6.681
7.82
7.78
7.88
7.88
7.53
8.08
8.07
7.04
8.18
7.94
7.59
7.51
7.67
7.4
7.53
7.49
7.42
6.42
5.848
6.057
5.254
5.393
5.426
5.176
5.629
4.176
3.604
4.371
3.96
4.418
3.852
3.263
2.687
2.596
3.577
2.538
2.506
2.084
2.625
2.19
1.813
.682
1.602
2.393
1.758
2.072
1.948
1.542
1.539
2.545
1.901
2.123
3.165
3.399
3.31
2.518
1.678
2.624
2.951
2.368
.985
2.306
1.546
1.992
1.6
1.629
1.149
2.002
.91
1.647
2.169
2.498
2.347
2.309
1.641
1.992
2.324
2.48
2.486
2.641
2.762
2.78
2.561
2.364
2.279
2.322
2.266
2.331
2.287
2.357
2.362
1.906
1.489
1.311
1.285
1.122
1.173
1.086
.678
.876
1.025
.81
.516
.007
0
.29
.972
1.359
1.397
.969
1.266
1.309
1.169
1.559
1.873
1.843
1.821
1.871
2.114
2.111
2.428
2.877
3.191
3.183
3.081
2.9
3.166
3.349
3.57
3.433
3.404
3.381
2.972
2.728
2.267
2.112
2.783
3.229
3.137
3.41
2.888
2.536
2.164
1.576
1.379
1.848
2.34
2.785
3.229
3.477
3.653
3.574
3.787
4.236
4.039
3.884
4.186
4.045
4.104
4.188
4.131
4.764
4.978
4.972
4.42
3.853
2.716
3.402
3.658
3.77
3.592
3.934
3.983
4.539
3.776
4.503
5.864
5.248
5.112
5.42
5.821
5.666
6.187
5.913
5.743
5.216
4.984
5.334
4.876
4.403
4.706
4.687
4.841
5.033
4.801
4.533
4.581
4.751
4.54
4.793
5.467
6.164
6.202
6.693
6.591
6.406
6.857
7.27
7.16
5.354
4.985
5.868
5.111
4.374
4.18
3.413
2.834
2.61
2.922
3.36
3.661
3.807
4.209
4.192
4.304
4.47
4.764
5.127
4.967
4.81
4.13
3.796
3.651
4.359
4.796
4.87
4.383
4.274
4.264
4.065
4.14
4.341
4.323
4.437
4.186
3.636
3.453
3.734
4.413
4.943
5.936
6.563
6.978
7.27
7.21
6.84
7.46
7.01
7.19
7.33
7.03
5.972
5.334
5.712
6.376
4.689
5.496
6.012
6.38
6.19
5.531
4.869
4.858
5.24
5.326
5.262
5.162
5.359
5.3
4.682
4.557
3.746
4.538
5.088
5.71
5.12
4.172
3.725
4.035
3.917
2.204
2.267
2.742
2.709
1.767
1.93
2.473
1.885
1.7
2.997
2.419
2.744
2.315
1.632
1.483
1.479
1.318
2.013
1.831
1.04
1.269
.524
.58
.402
1.703
2.572
2.911
2.194
2.278
1.994
2.062
2.508
2.192
2.319
2.455
2.711
3.227
3.144
3.836
4.72
3.883
4.941
3.153
4.215
4.581
5.198
5.007
4.451
4.785
3.716
4.269
3.857
2.264
2.675
2.793
3.577
3.013
3.256
3.021
3.507
3.083
3.761
3.909
3.373
3.748
4.122
4.166
3.666
3.579
3.191
2.457
2.241
2.44
1.75
2.31
2.156
2.344
2.399
2.552
2.634
2.507
2.154
2.359
2.51
2.837
3.366
3.144
3.09
2.933
2.774
3.336
3.492
3.864
3.873
3.935
4.398
4.806
4.964
5.203
4.989
5.454
5.296
5.505
5.534
5.243
5.265
4.797
4.609
4.386
4.391
4.868
4.901
4.329
4.237
4.088
4.244
4.465
4.536
4.167
4.577
4.791
4.416
4.023
4.219
4.443
3.538
3.842
3.639
3.604
3.421
3.65
3.653
3.842
4.026
3.837
3.566
3.164
3.321
3.484
3.737
3.616
3.616
3.763
3.751
3.896
4.001
4.459
4.875
4.842
4.747
4.341
4.359
4.219
4.185
4.439
4.334
4.42
3.831
4.496
4.724
4.091
3.707
4.546
4.506
4.424
4.646
4.605
4.525
4.302
4.067
4.119
4.328
4.098
4.322
4.389
3.809
4.307
3.991
4.368
4.114
3.956
4.152
4.592
5.002
4.797
5.078
5.155
5.31
5.476
5.569
5.642
5.801
5.61
5.725
6.039
5.609
4.832
4.328
4.639
5.246
5.505
5.151
4.991
4.518
4.774
4.772
5.538
5.126
4.855
4.302
5.083
4.97
4.74
4.86
5.121
5.214
4.771
4.984
5.662
5.918
5.73
5.694
5.266
5.139
5.027
5.572
5.63
5.746
5.927
6.18
6.266
5.84
5.757
5.523
5.539
5.488
5.511
5.649
5.553
5.68
6.377
6.443
6.329
6.147
6.08
6.202
6.282
6.792
7.51
7.18
7.24
7.34
7.75
7.95
8.59
9.47
9.64
8.59
9.51
8.74
9.43
9.17
9.88
9.63
10.29
11.28
9.81
10.25
10.79
10.28
8.6
9.91
10.14
8.47
8.56
7.73
8.05
8.5
7.88
7.83
8.07
8.23
8.78
7.79
8.54
7.78
7.87
8.23
7.19
7.37
7.07
6.929
6.949
8.1
6.97
6.803
6.825
7.29
6.672
6.493
6.879
6.914
7.83
6.949
6.554
6.621
6.358
6.643
7.36
7.11
7.21
5.637
6.988
6.664
6.277
5.829
6.402
6.674
5.367
6.096
5.663
6.541
5.89
6.088
5.79
5.41
5.234
6.57
4.587
5.464
5.866
5.97
5.666
5.28
4.089
5.025
4.648
5.224
4.098
4.783
5.209
4.907
4.819
4.139
3.987
3.934
4.486
5.63
5.402
4.27
4.432
4.118
3.464
3.519
3.406
3.401
3.477
3.378
3.15
3.436
3.106
3.067
3.278
3.196
2.855
2.413
2.18
2.518
2.195
2.357
2.512
2.689
2.946
2.864
2.87
2.942
2.579
2.559
2.802
2.742
2.897
2.719
2.51
2.602
2.681
2.646
2.624
2.787
2.793
2.904
2.928
2.866
2.661
2.587
2.708
2.605
2.509
2.475
2.439
2.47
2.536
2.54
2.537
2.69
2.885
3.01
2.87
2.713
2.701
2.595
2.658
2.481
2.5
2.596
2.37
2.303
2.648
2.411
2.447
2.734
3.005
2.899
2.843
2.606
2.461
2.77
2.942
3.428
3.78
3.183
3.024
2.989
2.678
2.862
3.009
3.089
3.06
3.154
3.149
3.085
3.267
3.594
3.484
3.34
3.123
3.177
3.206
3.261
3.426
3.327
3.025
2.966
3.078
2.978
2.906
2.6
2.636
2.782
2.905
2.754
2.617
2.689
3.096
2.964
3.262
3.507
3.51
3.503
3.457
3.355
3.66
3.776
3.587
3.4
3.331
3.518
3.525
3.469
3.352
3.268
3.05
2.931
3.056
3.008
2.975
3.068
2.963
3.028
3.059
3.266
3.367
3.379
3.546
3.539
3.557
3.743
3.908
4.078
4.011
4.005
3.754
3.573
3.537
3.281
3.308
3.211
3.175
3.35
3.349
3.562
3.488
3.253
3.208
3.212
3.339
3.307
3.426
3.582
3.63
3.512
3.602
3.435
3.24
3.133
2.862
2.766
2.664
2.635
2.512
2.573
2.265
2.389
3.018
3.303
3.274
3.619
3.152
3.621
3.838
3.605
3.943
4.29
4.869
5.285
6.04
5.921
5.599
5.844
6.094
6.512
6.656
5.845
7.44
7.26
7.14
6.764
7.23
6.186
7.39
7.29
6.191
6.849
7.21
7.59
7.37
7.58
8.05
6.949
7.52
6.456
6.856
6.86
6.755
6.599
6.589
6.618
6.541
5.647
6.179
6.163
5.759
5.522
6.452
6.148
6.566
5.504
5.963
5.243
5.006
5.379
5.025
4.622
5.92
5.351
4.774
4.553
4.887
4.738
4.325
4.435
5.072
4.851
4.58
5.34
5.754
4.572
4.469
4.831
4.653
5.011
5.038
4.421
4.418
4.097
4.894
4.666
3.585
4.582
4.713
4.304
5.187
5.895
4.412
4.659
4.565
5.195
4.697
4.931
5.209
5.351
4.327
5.131
4.91
5.207
4.024
5.424
6.059
5.499
5.091
4.834
5.38
5.222
5.021
4.903
5.739
5.369
5.427
5.324
4.89
5.793
5.229
4.742
4.207
4.993
4.922
5.208
4.837
4.457
4.854
4.828
4.622
4.373
4.285
3.97
3.925
4.318
4.627
5.02
5.107
4.615
4.699
4.748
4.81
5.276
5.07
4.974
4.597
4.561
4.729
4.786
4.616
4.658
4.887
4.861
5.051
4.977
5.068
5.369
4.891
5.116
5.158
4.718
5.161
5.104
5.673
5.692
5.504
6.122
6.315
5.918
5.739
5.757
5.775
5.825
5.682
5.477
5.357
5.904
5.952
5.921
6.173
6.382
5.843
5.723
5.885
5.776
5.328
5.306
5.404
5.292
5.001
4.76
5.265
5.297
5.872
5.387
5.368
5.063
5.063
4.653
4.63
5.343
5.163
5.698
5.926
5.729
5.954
6.491
6.037
6.87
6.356
6.428
6.494
6.799
6.705
6.345
5.961
6.007
5.788
5.836
5.562
5.929
5.64
6.084
6.017
5.71
6.01
5.819
5.591
5.697
6.607
6.213
6.408
6.603
7.03
6.929
6.652
7.04
7.77
7.3
7.44
7.55
7.26
7.53
7.17
7.02
7.71
7.02
6.312
7.52
7.09
7.22
7.2
7.34
6.706
6.686
7.48
7.04
6.359
6.669
6.764
6.327
5.864
5.791
5.916
5.649
5.63
4.938
4.511
5.085
4.659
4.969
4.816
5.074
5.042
4.874
5.099
4.929
4.866
5.32
5.332
5.511
5.09
5.789
5.327
5.763
5.858
5.776
6.318
6.383
6.558
6.103
6.349
6.76
6.73
7.69
6.87
6.547
7.51
6.185
7.81
7.9
7.61
7.18
7.4
6.694
7
6.403
7.04
6.577
6.045
6.362
6.819
6.97
6.969
7.27
7.78
7.55
6.411
6.197
7.04
7.03
6.984
7.71
5.989
6.217
5.407
5.378
6.449
6.536
6.225
6.574
6.326
6.427
6.011
7.13
6.8
6.8
6.632
6.614
5.389
5.831
6.401
5.639
7.09
6.86
7.3
7.1
6.587
6.827
7.28
5.597
5.876
6.734
6.62
7.4
6.055
6.548
7.26
5.804
7.48
7.83
7.15
7.67
6.811
5.291
6.509
6.458
6.661
6.589
6.918
8.02
7.89
6.152
7.35
7.1
8.05
7.26
6.851
6.052
7.69
7.87
7.28
6.595
7.37
7.26
6.981
6.023
6.32
5.176
6.247
7.21
6.841
6.215
7.4
7.2
6.07
7.24
6.66
6.738
6.27
7.04
6.194
6.712
7.21
7.87
7.18
6.372
6.658
6.797
5.441
5.424
5.204
4.743
4.551
4.398
4.761
5.271
5.846
5.716
5.846
5.526
5.283
5.207
5.064
4.326
4.848
4.963
5.496
5.592
5.338
4.901
6.112
5.998
5.185
4.924
4.663
4.983
3.962
4.172
4.033
4.09
3.768
4.055
4.764
4.913
4.619
4.337
4.505
3.933
4.252
4.934
4.772
4.543
4.473
4.585
4.973
5.437
5.35
5.19
5.665
5.326
6.129
6.443
6.85
6.538
6.036
5.759
6.295
6.603
6.274
5.911
5.531
6.467
6.174
6.026
6.344
7.11
6.618
6.991
7.1
6.884
6.954
7.31
6.813
6.444
6.571
6.949
6.602
6.617
6.379
6.282
6.437
6.435
6.552
6.387
6.092
5.874
7.32
6.419
6.228
6.405
6.515
6.065
5.447
4.608
5.486
5.511
5.314
6.466
6.059
4.849
5.291
5.073
4.523
4.838
4.874
4.319
4.32
4.315
4.349
4.614
4.66
4.524
4.366
4.263
4.209
4.207
4.511
4.542
4.722
4.715
4.809
5.023
4.835
4.498
4.204
3.972
4.078
4.154
3.931
4.242
3.921
3.913
3.958
3.884
3.651
3.699
3.604
4.177
4.244
4.07
3.956
3.739
3.756
3.671
3.895
4.076
4.307
4.161
4.247
4.334
4.443
4.269
4.25
4.204
4.202
4.109
4.479
4.341
4.386
4.292
4.376
4.212
4.443
4.535
4.617
4.627
4.842
4.791
4.697
4.718
4.515
4.838
3.699
4.061
4.256
3.397
3.166
3.197
3.878
3.73
3.679
3.193
2.811
3.153
2.881
3.407
3.363
2.519
3.125
3.022
2.911
2.879
2.977
2.72
3.025
2.444
2.077
2.446
2.536
2.018
2.128
2.384
2.768
1.559
2.145
2.918
2.969
2.849
3.209
3.072
3.675
4.087
3.303
3.171
2.384
3.088
3.21
3.283
3.275
2.945
3.027
3.239
2.588
2.796
2.61
2.599
3.825
2.772
2.311
2.166
2.641
2.822
1.589
1.812
3.093
3.011
3.099
3.012
3.876
3.472
3.429
3.663
3.419
3.466
2.473
2.144
3.468
2.324
3.576
3.184
3.146
2.596
3.612
3.698
2.808
2.692
1.946
2.357
3.012
2.687
3.382
2.913
3.326
2.673
3.233
2.793
2.422
2.84
2.907
2.311
2.839
3.658
3.616
3.225
3.149
2.789
2.58
2.336
2.449
2.564
2.519
1.803
1.155
1.166
1.071
.191
.463
2.145
1.906
2.099
2.676
3.222
3.339
3.077
2.927
2.807
3.227
3.518
3.349
3.23
3.251
3.405
3.223
3.021
3.06
2.998
3.106
3.22
3.398
3.539
3.875
4.259
4.567
4.498
4.411
4.088
4.101
4.138
4.388
4.258
4.372
4.428
4.522
4.54
4.817
4.554
4.421
4.571
4.959
4.864
4.902
4.787
4.714
4.653
4.384
4.67
4.867
5.238
4.942
5.146
5.351
5.121
5.015
4.461
4.255
4.904
4.589
4.775
5.273
5.322
5.349
5.409
5.159
5.023
4.784
4.46
4.271
4.669
4.394
3.85
4.026
4.174
3.734
3.87
4.027
3.669
4.127
3.264
2.675
2.307
2.646
3.175
3.605
3.428
3.227
3.39
3.008
3.551
3.472
3.305
3.379
3.547
4.022
4.434
4.327
4.355
4.3
4.241
3.415
3.31
3.938
4.002
3.924
3.571
3.575
3.562
3.694
3.724
3.641
3.911
3.918
4.15
4.231
4.135
3.867
3.897
3.766
3.728
3.525
3.696
3.476
3.482
3.257
3.104
3.186
3.122
2.948
3.172
3.544
3.999
3.73
3.193
3.718
3.906
4.108
3.714
3.52
3.618
3.538
3.464
3.457
3.177
2.956
2.86
2.713
2.514
2.511
2.149
2.331
2.39
2.192
2.051
2.526
2.427
2.233
2.24
2
1.966
2.375
2.231
1.3
1.345
1.756
1.589
1.761
2.33
1.56
1.151
1.122
.918
.771
.767
1.079
1.403
1.884
1.911
1.165
1.399
1.511
1.438
1.489
2.38
1.634
2.174
2.332
2.019
2.288
2.255
2.302
2.095
1.768
1.828
1.766
1.825
1.84
2.367
2.278
1.706
1.965
2.457
2.543
2.399
2.415
1.796
2.543
2.516
1.663
2.392
2.368
1.713
1.654
2.323
.891
2.835
1.382
3.14
1.363
2.165
1.423
1.872
1.523
3.199
3.307
2.749
.812
.64
1.984
2.621
2.548
2.714
2.135
2.058
1.887
2.112
2.996
2.513
1.036
2.278
2.431
2.441
1.444
.012
1.645
2.945
2.528
2.948
1.866
1.761
2.092
3.504
2.399
3.221
2.227
2.97
3.939
3.438
3.491
4.196
3.613
2.243
2.117
3.047
2.416
2.248
1.641
3.219
2.071
2.342
1.702
1.948
2.217
1.511
1.629
2.276
1.833
1.793
1.886
1.63
1.162
1.096
1.134
1.174
1.107
.813
.754
1.505
1.707
1.759
1.673
1.927
2.328
1.852
1.591
1.837
1.626
1.555
1.512
1.326
1.342
1.273
1.296
1.527
1.288
.757
.947
1.372
1.627
1.855
1.568
1.424
1.476
1.631
2.525
3.037
2.598
3.048
2.917
3.505
3.561
3.367
3.183
2.896
3.307
3.046
2.624
2.805
2.469
2.674
2.405
1.791
1.623
1.468
1.943
2.398
2.974
2.956
2.774
2.431
1.969
2.465
2.62
2.737
2.898
2.589
2.318
2.161
2.099
2.128
2.179
2.343
2.115
2.189
2.199
2.03
1.77
1.872
2.196
2.219
1.988
1.937
2.282
2.687
2.947
2.665
2.616
2.309
2.44
3.432
3.674
3.315
3.017
2.488
2.592
2.765
3.39
3.632
3.567
3.623
3.399
3.719
3.515
3.247
3.485
3.753
3.903
3.859
3.975
3.995
3.734
3.957
3.562
3.369
2.942
2.18
1.193
.536
.85
1.597
2.619
3.083
3.091
3.333
3.116
2.937
2.835
2.351
2.681
2.79
3.227
2.568
3.613
2.97
1.953
2.096
2.256
1.892
2.49
3.009
2.864
2.683
1.689
1.646
1.62
.557
.402
1.122
2.452
2.567
2.495
2.644
1.214
1.393
1.894
1.76
1.474
2.008
1.609
1.887
2.355
2.536
2.051
2.345
2.841
2.367
2.079
2.573
2.903
2.463
2.668
2.556
2.176
2.831
2.876
2.855
4.441
4.975
4.321
4.761
4.093
4.443
4.955
5.417
5.581
6.132
5.621
5.859
5.85
6.695
7.8
8
7.58
6.919
8.66
8.72
9.18
8.83
8.99
9.78
7.69
6.427
8.23
9.28
8.37
8.76
8.75
9.17
7.23
7.94
6.523
7.01
6.981
8.97
8.67
8.75
7.61
7.87
8.2
6.798
7.73
7.24
5.768
6.179
7.03
8.44
7.53
6.993
6.703
6.829
6.211
5.807
5.548
6.348
6.745
5.833
6.83
6.454
5.883
6.872
7.46
7.02
7.79
8.17
8.42
8.34
7.68
9.34
8.32
9.21
8.26
6.926
8.05
8.51
9.14
8.76
8.02
8.54
9.16
8.62
8.45
9.65
9.63
8.43
8.89
8.82
9.08
8.35
8.89
7.78
8.48
8.68
7.81
7.75
8.89
8.17
8
7.62
6.826
7.74
7.83
7.65
7.66
6.504
7.22
7.29
6.804
6.941
6.141
5.856
6.196
6.989
5.921
6.657
6.378
6.138
6.168
6.408
5.764
5.495
4.97
4.981
5.13
5.364
5.026
5.02
5.142
5.515
5.325
5.386
5.394
4.966
5.511
5.708
5.761
5.942
6.155
6.399
5.6
5.986
6.086
5.733
5.285
5.188
4.481
4.121
4.413
4.241
4
3.833
4.324
4.111
4.886
4.873
5.151
4.698
4.839
4.359
4.641
4.123
3.616
4.172
4.417
4.404
3.535
3.153
3.465
3.425
3.353
3.19
3.038
3.081
3.089
3.437
3.457
2.713
3.016
3.353
3.901
3.757
3.398
2.776
3.891
3.506
3.377
2.865
3.284
3.211
4.124
3.684
3.298
3.697
2.65
2.42
2.759
2.694
3.144
3.831
3.175
4.066
5.004
3.619
3.258
3.452
3.294
2.912
3.247
2.828
2.561
2.436
3.323
3.561
4.028
3.671
3.589
3.338
3.65
3.427
3.569
3.668
4.635
4.3
3.909
3.936
4.549
4.996
4.506
4.185
3.764
3.499
3.584
3.708
2.824
2.878
2.529
2.094
2.279
2.499
2.938
2.672
3.25
2.58
3.068
3.201
3.379
4.456
3.876
4.451
3.537
4.067
3.972
4.609
4.517
4.662
4.737
4.17
3.853
3.631
3.187
3.761
3.836
3.528
3.488
4.09
3.671
3.406
3.587
3.54
4.061
3.283
4.027
4.106
4.529
4.209
4.102
4.306
3.657
3.76
3.891
4.403
4.222
4.441
4.08
3.98
3.83
4.395
4.187
4.321
4.167
4.173
4.17
4.47
3.662
4.26
5.457
4.584
4.523
4.593
5.078
4.82
4.591
4.939
4.831
4.008
4.783
3.801
4.492
4.347
4.203
4.283
4.011
3.961
4.178
4.12
4.097
4.008
4.211
3.816
3.606
3.379
3.785
3.275
4.063
4.394
4.167
3.86
3.993
3.98
3.633
3.721
3.589
4.496
3.978
4.279
4.275
3.62
3.218
4.439
3.999
4.459
4.235
4.431
4.833
4.752
4.55
4.339
3.933
4.339
4.677
3.872
4.845
4.584
5.466
5.137
4.815
4.189
4.099
4.551
4.533
4.394
4.767
5.28
4.801
4.869
5.17
5.238
5.066
4.729
5.399
5.322
5.267
4.894
5.906
5.4
6.036
6.104
5.254
5.168
5.702
5.701
6.475
6.143
5.514
5.303
5.845
5.54
5.338
5.153
4.439
4.714
4.476
5.167
5
5.201
5.013
5.188
4.345
4.635
4.987
4.267
4.658
3.842
2.826
3.66
3.258
3.653
4.951
4.467
4.31
4.937
4.976
5.087
5.035
4.834
4.673
4.672
4.12
3.707
3.625
3.651
3.788
3.559
3.937
4.405
4.093
4.244
4.74
5.401
5.6
5.631
5.459
4.9
4.209
4.382
3.88
3.805
3.804
4.733
5.413
5.853
6.701
7.31
6.367
6.827
6.848
7.81
9.91
12.23
11.82
10.82
10.18
8.27
6.713
5.691
4.641
5.036
4.56
4.306
4.365
4.577
5.107
7.28
8.22
7.68
7.2
5.527
6.343
6.749
6.166
4.99
2.612
2.548
3.223
5.617
5.766
4.681
4.31
4.23
5.854
6.164
5.373
5.139
5.709
5.948
5.415
7.15
5.873
5.652
6.621
6.284
5.723
6.549
6.284
5.866
5.035
5.258
4.556
4.899
4.696
5.076
4.907
4.538
4.304
4.124
4.333
4.152
4.504
4.245
4.947
4.795
4.316
4.068
3.965
4.749
5.766
4.337
4.607
5.192
4.907
4.632
4.224
4.629
4.385
3.806
3.246
3.242
3.581
4.074
3.651
3.4
3.704
3.822
4.522
4.669
5.92
6.247
5.54
5.419
5.492
5.312
5.562
6.041
5.31
4.77
5.817
5.818
5.606
5.328
6.284
5.446
5.971
4.845
5.65
4.814
4.285
3.909
3.62
4.723
5
4.517
5.217
5.696
4.881
4.517
5.36
5.808
5.863
5.69
6.192
5.615
4.832
5.493
5.175
5.3
5.874
5.321
5.266
4.964
5.369
4.571
6.074
6.01
5.942
5.865
6.027
5.758
5.898
5.445
5.141
4.626
5.081
5.149
5.296
6.211
6.819
6.506
6.251
6.927
7.15
6.668
7.17
8.57
7.66
8.75
8.39
8.58
8.07
8.39
8.36
7.82
7.79
7.14
8.1
9.94
8.5
7.93
7.97
9.13
8.22
8.25
7.79
7.71
7.85
7.1
8.12
7.52
7.9
8.61
7.01
7.14
7.31
7.74
7.09
7.5
7.02
6.667
7.05
7.25
7.62
6.779
6.945
7.69
7.13
8.39
8
6.193
6.579
6.053
6.538
7.32
6.68
7.84
6.884
8.3
7.24
9.04
10.75
10.83
9.49
8.89
7.87
7.95
7.31
7.41
6.833
8.29
7.96
6.753
7.81
8.31
8.04
7.12
8.48
9.25
7.41
6.333
5.268
5.18
6.241
5.461
5.272
4.96
5.572
5.202
6.117
6.843
6.961
6.837
6.28
4.87
5.963
7.17
8.63
8.42
6.694
6.411
7.55
8.71
7.04
5.865
5.782
5.968
5.712
4.962
4.969
4.529
4.4
4.121
3.775
3.876
3.979
4.468
4.634
4.747
4.609
4.008
4.144
4.319
4.321
4.413
4.55
4.159
4.143
3.816
3.738
3.686
3.826
3.925
3.774
3.716
3.632
3.62
3.686
3.659
3.613
3.698
3.805
3.989
3.537
3.348
3.769
3.988
4.427
4.321
3.968
4.003
4.203
3.882
3.817
4.057
3.862
4.087
3.865
3.558
3.928
3.982
3.987
3.427
3.842
3.775
3.91
4.016
4.262
4.023
4.383
4.547
4.521
4.746
4.823
5.04
5.052
4.936
5.037
5.201
5.041
4.868
4.924
5.21
4.678
4.63
4.391
4.309
4.66
4.302
4.738
4.932
5.203
5.385
4.97
5.024
5.121
5.04
5.009
5.276
5.144
5.376
5.994
6.215
5.901
5.549
5.749
5.677
5.213
5.341
5.388
5.017
4.965
4.833
5.009
4.837
4.458
4.713
4.467
4.386
4.533
4.579
4.453
4.5
4.376
4.14
4.144
4.205
3.836
4.115
4.181
3.97
3.884
3.549
3.871
4.012
4.02
3.851
4.118
4.364
4.323
4.373
4.474
4.715
4.762
5.079
5.307
4.767
4.663
4.627
4.352
4.505
4.669
4.527
3.963
4.195
3.565
3.487
3.309
3.49
3.562
3.378
4.195
4.479
4.196
4.383
3.835
3.651
3.828
3.535
3.696
3.709
3.991
3.971
3.639
3.835
3.368
2.824
3.255
3.098
3.125
3.891
3.286
3.53
4.048
4.281
4.227
3.547
4.284
4.133
4.255
4.537
5.022
5.023
4.467
4.441
4.62
4.582
4.117
4.289
4.25
4.715
4.923
3.657
4.678
3.84
4.018
1.965
3.548
3.229
4.412
3.974
4.764
3.693
3.785
4.054
4.387
3.629
3.28
4.216
3.09
4.07
3.755
3.736
3.759
3.07
2.907
4.014
4.557
4.22
3.894
3.546
3.673
4.66
5.371
4.579
5.216
5.43
5.871
4.948
4.054
4.424
5.864
5.696
6.622
5.576
6.566
6.452
6.782
6.067
5.217
5.607
5.364
6.54
4.342
5.644
5.609
5.068
5.361
5.6
5.055
5.137
6.385
5.565
6.509
5.426
6.146
5.41
6.334
6.254
6.17
6.245
5.704
5.225
5.821
5.015
5.7
6.351
5.712
5.477
5.233
4.798
5.308
5.44
4.294
4.17
4.13
4.167
3.422
2.897
2.882
3.204
2.997
2.456
2.62
2.886
2.425
2.37
2.524
2.614
2.577
2.583
2.624
2.556
2.4
2.261
2.278
2.352
2.34
2.161
2.282
2.425
2.433
2.618
2.617
2.645
2.34
2.226
2.136
2.167
2.072
2.31
2.501
2.7
2.756
3.317
3.296
3.015
3.015
3.145
3.144
3.021
3.093
3.255
3.424
3.413
2.97
2.718
2.893
2.808
2.647
2.802
3.014
2.885
3.169
3.285
3.137
3.132
3.029
3.459
3.035
3.014
3.193
3.086
3.503
3.404
3.319
3.548
3.536
3.527
3.435
3.544
3.591
3.466
3.25
3.293
3.45
3.396
3.471
3.573
3.475
3.446
3.618
3.505
3.598
3.093
3.247
3.069
3.103
3.008
3.381
3.767
3.931
3.916
3.763
3.586
3.27
3.101
3.03
3.056
2.902
2.977
2.806
3.023
3.215
3.026
3.046
3.053
2.943
2.898
3.349
3.448
3.481
3.227
2.928
2.933
3.303
3.23
3.377
3.314
3.317
2.921
2.473
2.14
1.968
2.178
2.308
3.104
2.333
2.429
2.208
1.646
1.035
.974
.717
.463
.501
.77
1.032
.562
.588
.912
1.403
1.635
1.788
7.27
5.499
4.247
4.232
4.1
3.657
3.5
3.953
4.285
4.316
4.627
4.663
4.734
4.982
5.839
6.159
6.456
6.967
7.06
6.875
6.937
7.28
7.62
7.78
7.04
7.55
7.81
8.72
8.49
6.7
8.06
9.04
9.03
9.15
8.92
8.54
8.01
8.28
7.76
8.87
8.79
7.92
8.62
7.98
8.32
7.83
8.86
7.53
7.68
7.62
8.49
7.48
7.65
8.71
7.73
7.42
7.34
8.16
7.27
7.59
8.31
6.91
7.75
7.7
6.678
7.1
6.419
7.6
7.53
6.868
6.925
7.61
7.43
7.11
7.24
7.12
7.36
6.258
7.77
7.25
6.52
6.165
6.104
6.226
6.247
6.29
6.189
6.421
5.563
5.721
6.195
5.711
5.414
5.92
5.815
5.766
5.91
4.96
5.364
5.314
6.463
4.561
5.607
4.77
5.494
5.413
5.571
5.912
5.18
5.51
5.936
4.066
5.63
4.909
5.447
5.397
5.364
4.675
4.797
5.265
4.507
5.05
4.22
4.582
5.573
6.216
5.317
5.636
6.36
5.574
5.211
5.202
5.107
4.924
5.058
4.361
4.254
4.499
4.632
4.097
3.672
3.471
3.467
3.056
3.021
2.898
3.013
3.177
3.193
3.335
3.388
3.276
3.292
3.445
3.384
3.39
3.66
3.68
3.718
3.68
3.682
3.668
3.574
3.685
3.835
3.879
3.976
3.842
3.961
3.806
3.605
4.026
3.556
3.501
3.224
3.225
2.931
2.728
2.725
2.662
2.604
2.74
2.723
2.804
2.804
2.895
2.816
2.648
2.855
3.024
2.948
2.924
2.618
2.436
2.219
2.432
2.31
2.248
2.2
2.147
1.935
1.882
1.715
1.698
1.372
1.085
1.044
1.034
1.049
1.225
1.394
1.737
1.795
1.557
1.477
1.545
1.802
1.767
1.543
1.329
1.328
1.394
1.648
1.937
2.201
2.335
2.264
2.562
2.33
2.291
2.4
2.2
2.523
2.87
3.101
2.857
2.971
3.187
3.033
3.03
2.997
2.737
2.543
2.29
2.135
2.146
2.182
2.181
2.308
2.26
2.025
1.751
1.602
1.334
1.298
1.229
1.417
1.797
1.982
2.374
2.568
2.452
2.732
3.069
3.087
3.087
3.097
3.128
3.162
3.235
3.256
3.11
3.314
3.284
3.159
3.078
2.783
2.626
2.614
2.686
2.916
3.105
3.155
3.562
3.512
3.418
3.582
3.714
3.884
3.88
3.825
3.473
3.373
3.219
2.978
2.907
2.689
2.601
2.685
2.747
2.666
2.822
2.662
2.565
2.644
3.659
4.444
4.731
4.069
4.637
4.488
4.606
5.514
5.989
5.785
5.273
4.981
4.825
6.289
6.734
7.1
6.188
6.022
6.421
6.015
5.493
5.717
6.298
6.352
6.169
5.951
6.746
7.34
6.69
7.61
6.522
5.962
5.863
5.957
6.433
6.097
6.034
5.186
6.263
6.562
6.279
4.91
5.974
6.099
5.729
5.479
5.519
5.507
5.685
5.617
4.85
5.87
5.788
5.35
4.951
5.21
4.518
4.753
4.887
4.342
3.632
4.281
3.868
3.462
4.367
3.755
3.445
2.499
2.999
3.621
3.007
3.303
3.309
2.406
3.605
2.088
1.898
2.663
1.85
2.552
1.243
1.905
1.836
3.382
2.169
1.182
1.852
2.349
2.445
2.225
2.578
1.598
1.087
1.189
2.828
2.01
2.167
2.11
1.128
1.453
1.939
1.521
.632
.754
2.044
1.599
2.144
2.734
2.437
2.022
2.77
2.806
2.612
3.731
3.681
3.455
3.264
3.451
3.597
2.859
2.523
2.288
2.339
2.818
3.158
3.316
3.487
3.492
3.264
3.125
3.094
2.645
2.349
2.212
2.422
2.392
2.548
2.674
2.93
3.03
3.098
2.819
2.166
2.047
2.184
2.215
2.179
1.886
1.746
1.803
1.878
1.837
2.027
1.672
1.399
1.087
1.281
1.454
1.469
1.544
1.715
1.658
2.142
2.801
2.941
2.515
2.31
2.436
2.487
2.385
2.422
3.108
3.55
3.717
3.549
3.629
3.786
3.716
3.668
3.59
3.331
3.458
3.414
3.413
3.239
3.404
2.965
2.912
3.163
3.172
2.816
3.189
2.994
3.201
3.278
3.415
3.556
3.858
4.241
4.135
4.132
4.32
4.385
4.338
4.182
3.777
3.863
4.133
3.464
2.909
2.873
3.065
3.198
3.339
3.311
3.53
3.426
3.306
3.284
3.25
3.192
3.425
3.265
3.119
3.194
3.329
3.093
3.155
3.182
3.004
3.086
3.157
2.743
2.324
2.66
2.645
2.505
2.343
2.394
2.476
2.422
2.432
2.365
2.338
2.294
2.218
1.953
1.872
1.754
2.058
2.003
1.997
2.018
1.884
1.954
1.725
1.664
1.561
1.544
1.338
1.291
1.308
1.654
1.567
1.425
.891
1.307
1.597
1.889
1.932
1.631
.952
1.052
1.275
1.038
.753
.244
.684
1.497
1.017
.811
.901
1.239
1.401
.923
.255
.278
1.143
1.29
1.65
1.542
1.883
1.686
2.096
2.06
1.945
1.967
2.597
3.299
3.395
4.295
4.825
4.778
4.624
4.001
4.943
4.247
3.834
4.158
3.254
2.793
3.101
3.487
3.529
3.516
3.769
3.18
3.79
3.515
3.182
4.281
3.852
4.67
3.997
4.685
4.22
4.796
4.482
4.617
4.337
4.712
4.414
4.514
5.374
4.722
5.208
4.813
5.421
4.429
5.029
4.894
5.276
4.447
5.7
5.839
5.173
5.757
5.689
4.218
4.767
5.535
5.2
5.686
5.418
5.308
5.434
5.677
5.493
4.833
5.876
6.133
6.127
5.663
5.387
6.276
6.066
5.592
5.577
5.795
5.38
5.559
5.291
5.615
5.224
5.499
5.41
5.548
5.383
6.001
6.502
5.559
5.021
5.582
5.718
5.547
6.69
5.548
6.424
5.532
5.6
5.545
6.519
5.126
5.715
6.377
5.683
5.553
4.988
5.46
5.88
5.068
6.27
4.872
4.914
5.45
5.368
5.174
4.754
4.542
4.68
5.42
5.051
4.714
4.754
4.766
4.449
4.796
4.406
4.419
4.27
4.384
4.555
4.375
4.295
4.184
4.255
4.922
5.155
4.759
4.65
4.568
4.608
4.452
4.316
4.414
4.238
4.306
4.834
5.14
4.924
4.972
5.492
5.337
5.232
5.71
5.352
5.303
5.313
5.294
5.495
5.089
5.787
5.664
5.511
5.685
5.574
5.465
5.894
5.903
6.098
6.298
6.629
6.657
6.843
7.21
6.772
6.918
7.31
7.7
6.839
7.26
7.27
7.42
6.983
7.27
7.82
7.91
7.32
7.7
7.63
7.99
7.36
7.01
6.644
6.952
7.05
7.07
7.1
7.22
7.62
6.868
7.42
7.36
7.05
6.977
7.07
7.52
7.61
7.42
7.6
7.02
7.07
7.11
7.07
6.835
7.38
6.907
6.712
6.74
6.345
6.412
6.285
6.122
5.63
6.225
5.449
6.108
5.951
6.1
6.829
6.339
6.375
5.957
6.366
6.098
6.813
6.025
5.957
6.211
6.18
6.265
6.142
6.167
6.392
5.612
6.42
5.894
5.604
5.385
5.713
5.868
5.155
5.204
5.144
5.268
4.851
4.995
4.666
4.829
4.969
4.68
4.358
4.273
4.101
4.367
4.007
4.2
4.419
4.237
4.108
3.689
3.837
3.885
4.021
3.905
3.828
3.51
3.684
3.871
3.928
3.697
3.593
3.326
3.682
3.566
4.12
3.706
3.722
3.616
3.456
4.694
4.726
4.976
5.02
5.062
5.433
4.509
3.974
4.433
4.771
4.835
4.83
5.322
5.092
4.024
4.191
4.717
5.316
5.243
5.418
5.688
6.578
6.231
6.446
7.22
8.7
7.89
6.149
7.33
7.37
8.48
8.16
8.17
7.93
7.81
7.69
8.79
8.45
8.1
8.71
7.75
9.02
7.9
8.78
7.75
8.3
7.62
8.65
8.89
8.48
7.44
7.83
6.861
7.73
6.894
8.39
7.57
7.13
6.164
7.12
6.505
6.185
7.09
7.36
6.065
6.093
6.655
6.779
5.711
6.741
6.691
5.856
5.608
5.376
5.31
5.357
5.132
5.881
5.264
5.287
5.673
5.625
5.806
5.358
5.966
3.885
4.418
5.714
5.534
4.566
5.406
4.587
3.713
4.733
5.522
5.484
5.103
4.509
5.291
4.172
4.356
5.484
4.526
4.938
4.646
4.349
4.918
5.122
4.751
4.508
4.516
4.881
4.142
4.709
4.362
3.948
3.729
3.771
3.55
3.327
3.319
3.296
3.487
3.58
3.713
3.442
3.35
3.096
3.332
3.623
3.645
3.529
3.305
3.503
3.318
3.215
3.498
3.716
3.678
4
3.993
3.801
3.737
3.786
4.074
3.848
4.498
4.524
4.759
4.676
4.938
4.756
4.948
4.932
5.2
5.48
5.7
5.839
5.932
5.173
4.898
4.99
5.251
4.446
3.754
3.513
3.426
3.567
3.745
3.549
3.398
3.554
3.402
3.121
3.188
2.919
2.476
2.669
2.398
2.521
2.68
2.864
2.651
2.305
2.206
2.059
1.925
1.861
2.296
2.366
1.752
1.49
1.6
1.445
1.445
1.589
1.765
1.843
1.926
1.881
2.05
2.088
2.352
2.585
2.965
3.23
2.93
2.734
2.866
3.18
2.994
2.943
2.599
2.424
2.397
2.477
2.542
2.608
2.603
2.442
2.188
2.141
2.223
2.225
2.369
2.238
2.324
2.527
2.503
2.576
2.387
2.05
2.23
2.326
2.507
2.044
1.747
1.805
1.975
2.089
1.85
1.948
1.864
1.578
1.461
1.595
1.58
1.658
1.733
1.816
1.852
1.542
1.049
1.162
1.533
1.621
1.616
1.657
1.491
1.414
1.172
1.049
.897
.918
.984
1.025
1.146
.947
.976
.832
.827
.959
.939
1.177
1.516
1.315
1.538
1.625
1.72
1.732
1.739
1.456
1.285
1.158
1.587
1.778
2.056
1.844
2.554
3.647
3.426
3.702
5.173
5.105
4.325
4.571
5.064
4.731
4.982
5.393
4.862
5.104
5.45
4.973
4.626
4.621
5.232
5.719
4.86
4.348
4.97
5.943
5.787
5.346
6.207
6.853
6.906
5.222
5.633
6.891
6.531
5.903
7.12
6.703
6.206
7.62
6.747
7.43
6.734
6.78
7.7
7.19
5.872
6.766
6.149
7.21
6.917
6.249
6.932
6.252
6.509
5.988
5.56
6.432
6.395
6.258
7.24
5.899
6.541
5.719
6.2
5.405
5.524
6.258
6.706
5.389
6.915
6.669
6.991
6.954
5.999
6.328
6.7
6.544
6.298
6.851
5.843
6.253
5.924
6.683
6.721
6.833
7.73
7.79
7.18
8.26
6.979
7.38
7.35
6.795
7.42
7.46
7.35
6.497
6.799
5.886
6.702
5.851
5.524
5.759
6.863
6.776
6.39
6.336
5.371
5.576
5.656
6.233
6.337
7.08
6.819
5.841
5.413
5.226
4.755
4.452
4.421
4.475
4.77
4.3
4.613
4.569
4.509
4.132
4.254
3.889
3.484
3.238
3.28
3.218
3.413
3.502
3.273
3.648
3.799
3.995
4.071
3.415
3.497
4.019
3.402
3.442
3.547
3.832
3.55
3.567
3.762
4.177
4.005
3.839
4.18
4.287
4.684
4.148
5.068
5.512
4.62
4.138
3.607
3.683
3.426
3.866
4.284
3.807
3.984
4.462
4.125
4.063
3.853
3.86
4.035
4.337
4.242
3.976
3.873
3.772
3.568
3.661
3.689
3.406
3.368
