5.122
4.681
5.509
5.544
5.221
6.12
5.939
5.528
6.404
5.731
5.837
5.614
5.813
6.206
6.127
6.201
6.278
5.613
5.664
6.417
6.815
6.511
6.704
6.488
6.715
6.283
6.151
6.547
6.18
6.384
5.951
6.114
5.771
5.635
5.765
5.634
5.226
5.202
5.7
5.11
4.952
4.905
4.454
4.537
5.105
4.826
4.723
4.874
5.229
5.162
4.87
4.782
4.697
4.958
4.609
4.521
4.651
4.419
4.521
4.229
4.184
4.245
4.055
3.912
3.728
3.869
3.971
3.844
3.898
3.686
3.534
3.72
4
4.118
4.157
3.837
4.039
3.758
4.097
4.476
4.341
4.433
4.417
4.661
4.933
5.033
4.585
4.465
4.847
5.059
4.798
4.814
4.995
4.925
4.915
5.057
5.355
5.388
5.583
5.734
5.73
4.773
5.13
5.682
5.064
4.81
5.741
5.083
5.12
4.883
4.964
4.47
4.841
4.528
5.107
4.67
4.081
3.228
4.062
4.908
4.818
5.3
5.14
5.223
4.641
5
4.524
4.466
5.096
5.337
5.109
4.619
4.744
4.145
3.685
3.262
2.988
3.853
3.451
4.123
4.207
3.798
3.842
3.446
4.28
4.423
4.264
3.553
3.733
3.883
3.404
3.763
3.918
3.568
3.417
3.417
4.191
4.364
3.999
4.377
4.66
4.452
4.341
3.817
4.556
3.462
4.06
3.324
4.354
3.983
3.24
4.135
4.358
3.196
4.23
3.936
4.398
3.801
4.859
6
3.66
4.614
4.325
3.411
3.278
3.949
5.575
4.947
5.129
4.287
4.908
5.384
4.198
4.813
4.402
3.713
4.505
4.024
4.145
4.423
4.116
4.337
3.696
3.553
3.872
4.078
4.952
4.879
4.174
3.715
2.893
3.101
2.978
2.613
2.571
2.452
2.422
2.298
2.017
1.871
2.112
2.375
2.256
2.455
2.57
2.541
2.51
2.445
2.567
2.978
2.856
2.49
2.661
2.601
2.626
2.821
2.459
2.487
3.191
3.325
3.22
3.623
3.833
3.982
3.71
3.605
3.566
3.811
3.684
3.972
4.099
4.152
3.965
3.906
3.861
3.91
4.015
4.986
4.939
4.985
5.067
4.711
4.562
4.359
4.713
4.384
4.548
4.481
4.746
4.691
4.741
4.129
4.451
3.921
3.636
3.703
3.655
3.628
3.397
3.474
3.572
3.773
3.44
4.062
3.709
3.545
3.595
3.643
4.045
4.445
4.16
4.008
3.508
3.824
3.745
3.499
3.677
3.634
3.31
3.424
3.3
3.165
3.285
3.311
3.013
3.126
3.007
3.438
3.293
3.213
2.569
2.571
2.499
2.619
2.716
2.82
2.79
2.54
2.474
2.582
2.476
2.277
2.206
2.125
2.09
2.019
1.845
2.235
2.219
2.222
2.437
2.567
2.364
2.156
2.065
2.062
2.255
2.356
2.357
2.554
2.433
2.115
1.791
1.818
1.911
1.874
1.794
1.728
1.654
1.958
2.409
2.502
2.814
2.621
2.562
2.445
2.429
2.452
2.301
2.482
2.516
2.51
2.557
2.295
2.235
2.213
2.221
2.132
1.316
0.264
2.547
2.847
2.327
0.201
0.56
0.701
1.637
2.508
2.204
1.275
1.024
1.902
1.792
1.635
2.406
2.711
2.068
1.476
2.561
2.26
3.501
3.403
3.171
2.958
2.356
2.364
2.497
3.016
2.421
3.078
4.014
2.923
2.54
2.522
3.138
2.58
3.207
5.386
4.624
5.355
5.258
4.787
5.814
5.348
5.383
4.834
5.482
5.38
5.087
4.702
4.898
4.17
4.023
4.961
4.568
3.883
4.515
3.931
4.344
3.537
3.572
2.885
2.747
2.67
4.447
3.583
2.741
3.786
2.859
2.573
2.606
2.623
3.706
3.766
3.098
2.166
1.834
2.281
2.176
1.78
1.877
1.944
1.828
1.757
2.965
3.56
3.539
2.963
2.222
4.014
4.308
3.541
2.933
2.924
2.99
4.037
3.758
4.174
5.363
4.218
5.348
4.737
2.079
3.796
5.135
7.8
6.686
5.984
7.1
7.42
5.982
5.162
5.584
6.716
6.586
5.45
4.83
7.17
6.646
5.914
5.81
5.385
5.899
5.369
4.811
4.803
4.043
4.516
6.171
5.793
4.972
6.112
4.648
4.727
4.906
4.721
5.832
5.375
5.419
5.236
5.393
5.663
4.964
4.759
5.273
5.531
5.591
5.945
5.997
5.318
6.624
6.751
4.583
5.839
6.495
6.778
6.659
6.853
7.95
7.53
7.56
7.79
7.56
7
6.354
5.294
6.23
6.351
7.37
5.804
6.042
7.62
6.668
7.16
5.687
6.273
6.402
6.432
5.923
5.715
5.953
6.788
5.236
4.932
4.39
4.169
4.874
4.359
3.969
4.72
5.574
5.178
4.365
5.094
4.403
5.523
5.112
5.212
5.038
4.468
4.954
4.502
3.968
4.112
4.406
4.989
5.155
4.181
3.597
3.331
3.23
3.054
3.189
3.577
4.073
4.156
3.705
3.88
3.722
4.162
3.697
3.08
3.651
3.67
3.265
3.079
3.648
4.351
4.46
4.797
4.956
5.382
6.198
7.21
6.733
5.32
5.343
6.252
6.388
6.011
6.269
5.551
6.724
6.573
5.48
5.945
6.683
6.844
6.708
7.33
6.023
6.571
6.397
6.359
6.721
6.785
7.04
6.538
6.796
7.08
7.54
7.78
6.513
3.947
6.773
6.97
6.907
7.13
6.897
7.11
7.06
6.492
5.842
6.352
6.307
5.221
5.291
6.248
5.471
4.514
7.16
6.282
5.561
5.97
6.513
5.026
5.186
4.202
3.449
4.324
4.055
4.746
5.016
5.014
5.086
5.008
5.069
5.635
4.853
4.617
4.454
4.832
4.558
5.226
5.597
6.057
6.299
6.344
6.14
7.09
5.874
6.189
6.173
5.914
5.76
6.029
6.165
6.993
8.62
7.31
7.32
8.19
8.78
7.88
8.58
7.62
6.524
7.6
8.2
7.89
7.21
7.97
8.57
7.78
7.9
7.75
7.11
6.321
6.735
6.13
6.967
7.2
6.616
6.758
6.114
6.833
6.918
7.31
6.491
6.582
6.496
6.251
7.18
7.41
6.673
6.25
6.285
6.401
7.65
5.938
7.17
6.779
6.106
6.78
6.749
5.353
7.15
6.607
7.15
6.974
6.319
6.824
6.279
5.598
5.573
5.644
5.137
5.868
5.676
5.281
5.009
4.014
4.955
4.74
5.172
4.969
4.732
5.072
5.194
4.468
4.936
4.932
5.413
5.166
5.056
4.356
4.763
4.878
4.834
5.141
5.148
4.623
4.488
4.946
5.259
5.549
5.699
4.641
5.303
4.485
5.267
5.056
5.257
5.29
4.945
4.8
4.701
5.235
5.161
5.117
4.457
4.407
3.742
3.403
3.743
3.196
3.546
3.781
3.814
3.781
3.28
2.821
3.483
3.941
4.235
3.904
4.303
3.733
4.133
3.978
3.956
4.209
4.37
3.749
4.219
4.635
4.003
4.288
3.707
3.799
3.661
3.956
4.226
4.014
3.65
3.867
3.759
3.794
3.578
3.798
3.229
3.613
3.246
3.8
3.097
3.579
3.078
3.276
3.316
3.261
3.706
3.731
3.312
3.143
3.049
3.013
3.181
3.784
4.039
3.33
3.129
3.291
3.594
3.486
3.116
2.989
2.673
2.226
2.092
1.993
2.193
2.166
2.171
2.294
2.264
2.406
2.181
2.677
2.681
2.729
2.741
2.664
2.751
2.658
2.628
2.338
2.056
2.123
2.226
1.946
1.611
1.718
1.527
1.118
1.419
1.975
2.116
2.422
1.819
1.789
1.978
2.08
1.798
2.2
2.374
2.535
3.505
4.207
4.654
3.829
2.969
3.18
2.614
2.521
2.661
2.784
3.067
3.053
2.926
2.829
3.111
3.222
3.362
3.378
3.074
3.291
3.659
3.312
3.057
3.029
3.248
3.219
2.986
3.904
3.964
3.07
3.644
3.869
4.927
4.57
4.874
4.619
4.007
2.677
2.467
2.603
2.998
2.547
2.254
2.726
3.214
2.761
2.424
1.859
2.435
2.901
3.192
3.459
2.547
2.424
2.8
2.735
2.77
2.581
2.867
3.299
2.962
2.814
2.737
2.969
2.97
2.471
2.569
2.745
3.363
3.181
4.155
3.191
3.41
3.628
3.993
3.649
4.013
4.116
3.351
3.364
3.66
4.219
4.56
4.305
3.883
3.945
4.396
4.07
3.845
4.15
4.28
3.939
3.884
3.852
3.732
4.083
4.774
4.412
3.677
3.926
3.101
3.7
4.052
3.671
3.74
5.012
4.256
4.165
4.178
4.495
4.499
4.859
4.154
4.382
4.791
5.116
4.707
4.758
4.734
5.077
5.681
4.491
4.79
5.478
5.75
5.786
5.251
5.907
5.677
6.225
5.666
5.079
5.948
5.347
5.325
5.92
4.719
5.12
5.086
4.665
4.845
4.655
4.518
4.89
4.478
4.742
4.841
4.734
5.105
4.816
4.632
4.574
5.085
4.303
4.481
4.063
5.186
4.389
4.713
4.472
5.886
5.392
4.801
4.584
5.183
4.528
5.735
4.754
4.378
4.464
4.817
4.859
5.096
4.44
4.514
4.24
4.1
3.735
3.324
3.294
3.76
3.923
3.368
3.687
3.479
3.724
3.501
3.335
2.908
3.198
3.145
2.848
4.344
3.368
3.727
3.984
3.603
3.584
3.357
2.844
3.614
2.653
2.833
2.709
2.856
2.998
2.496
2.352
2.537
2.037
1.32
1.523
1.753
2.038
2.062
2.184
2.29
2.747
2.492
1.69
1.207
1.308
1.547
1.233
1.415
1.635
1.924
2.016
2.275
2.017
2.179
1.773
1.337
1.844
2.032
1.912
1.887
2.661
2.688
2.238
2.414
2.322
2.255
2.316
2.775
2.661
2.932
3.234
3.367
3.711
2.97
3.204
3.722
3.104
3.92
3.553
3.548
2.701
2.873
2.675
2.645
4.304
3.638
4.3
3.755
3.452
3.919
4.3
4.499
4.802
4.81
3.623
3.954
3.847
3.763
3.669
3.788
4.191
3.585
3.418
3.292
3.141
3.475
3.211
3.087
2.634
2.916
3.499
3.035
2.808
3.057
3.582
3.337
3.806
3.397
3.294
2.99
3.672
4.048
3.556
3.794
3.097
3.053
2.993
3.329
3.286
4.362
4.429
3.384
3.862
4.628
4.829
4.173
4.885
4.138
4.463
5.02
4.207
3.407
4.573
4.564
4.726
4.803
4.111
4.015
4.2
4.354
3.772
3.977
4.232
4.368
3.848
3.791
3.721
4.038
3.662
4.042
3.665
4.716
5.066
4.319
4.382
3.726
4.463
4.764
3.989
4.27
4.399
3.563
3.66
4.598
4.269
4.681
4.609
2.631
4.111
4.27
3.901
4.506
4.799
4.991
4.469
3.674
4.482
5.401
4.706
5.358
5.362
4.227
5.74
5.588
5.392
4.414
4.324
4.628
4.952
4.357
3.687
4.733
4.371
5.326
4.348
4.426
4.747
5.342
5.283
5.888
5.122
5.435
6.31
6.09
5.77
5.083
4.637
4.674
5.938
5.789
5.257
5.839
5.034
4.915
4.789
5.349
4.922
4.955
4.596
4.8
4.702
4.702
4.918
4.787
4.909
4.869
4.605
4.308
4.47
5.533
5.355
4.908
5.232
4.928
4.892
6.136
4.627
5.801
5.361
4.674
5.157
5.217
5.428
5.307
4.787
4.477
4.415
4.934
5.197
5.173
5.098
4.451
3.911
5.076
4.226
4.238
4.077
4.143
5.131
5.145
6.808
6.968
8.96
7.73
6.817
8.26
7.41
6.596
6.414
6.968
6.292
5.048
4.65
4.899
7.26
7.67
6.98
6.669
5.659
6.273
7.73
7.22
6.717
6.855
7
6.711
6.879
6.523
6.711
6.777
6.863
6.656
8.59
10.5
9.37
7.55
3.961
5.232
4.948
4.733
6.801
4.176
1.948
1.201
1.593
5.161
9.13
9.17
6.435
3.555
2.596
3.45
5.588
4.009
2.524
4.666
7.17
5.47
4.225
6.649
7.35
6.275
6.048
6.736
4.617
3.99
5.556
7.57
7.48
7.03
6.999
5.537
4.455
2.4
1.132
1.117
2.474
3.125
4.32
5.314
6.009
5.668
5.235
5.469
5.126
4.413
2.452
1.311
1.311
3.271
3.556
4.104
4.175
3.444
4.368
3.779
4.046
4.934
5.426
6.383
6.249
7.7
6.983
5.566
5.418
5.962
6.798
7.56
7.62
7.12
7.94
7.75
8.51
8.23
7.37
6.107
5.208
3.369
4.21
3.13
2.091
1.443
2.526
2.241
3.793
3.447
2.6
2.808
1.634
8.66
7.08
5.581
4.925
4.961
4.625
5.121
5.86
5.863
6.082
4.262
2.416
2.318
1.171
1.029
1.471
0.722
1.051
0.964
2.334
7.6
6.217
3.023
1.914
2.356
1.149
0.805
2.082
4.285
3.734
3.939
2.934
2.258
1.939
2.262
1.881
2.049
1.522
1.267
2.129
2.222
3.112
4.514
4.015
5.194
6.399
5.423
3.423
2.999
3.326
3.618
2.927
2.571
4.111
3.463
2.855
3.458
4.133
3.891
3.382
2.176
2.737
3.258
3.008
2.641
2.802
3.201
3.087
2.867
3.17
2.667
2.541
2.151
2.235
2.609
3.095
2.727
3.088
2.853
3.142
2.619
3.58
3.773
4.214
3.849
4.428
4.349
4.374
4.59
4.195
3.322
4.042
3.119
3.693
4
3.063
3.574
3.837
3.89
3.046
4.55
4.197
3.729
3.52
3.356
2.33
1.918
2.071
2.567
2.486
3.203
2.999
2.558
2.633
3.947
3.073
3.198
3.816
3.942
4.294
4.003
4.696
4.687
5.3
4.992
5.18
4.802
4.424
5.237
5.431
4.277
4.387
5.072
5.113
3.959
3.906
3.823
3.422
3.915
3.696
3.228
3.967
4.009
4.281
5.1
4.284
4.209
3.988
3.492
3.524
4.56
4.035
4.671
4.304
4.464
5.016
4.737
4.301
4.609
4.477
4.158
4.067
3.632
3.376
3.796
4.26
4.103
2.865
2.601
2.465
2.558
3.356
3.034
3.69
2.753
2.164
2.142
2.782
3.098
2.538
2.554
2.457
2.41
2.585
2.619
2.6
2.647
2.474
2.561
2.559
2.512
2.548
2.366
2.28
2.318
2.351
2.068
2.148
2.387
2.598
2.634
2.659
3.017
3.197
3.333
2.83
3.222
3.152
3.169
3.113
2.973
2.8
2.99
3.19
3.024
3.041
2.985
3.135
2.469
3.046
3.426
3.863
3.926
4.084
3.704
3.913
4.236
4.155
4.495
3.907
4.146
4.166
4.226
4.963
4.709
5.559
5.017
5.634
5.3
4.586
5.214
4.861
4.576
4.553
4.514
4.555
4.958
4.642
4.574
4.696
4.654
4.811
4.924
4.614
4.107
4.463
4.324
5.277
4.832
5.267
4.931
5.078
5.075
5.059
4.613
4.953
4.802
4.986
4.29
4.726
4.705
5.243
5.173
5.055
4.442
4.588
4.598
4.56
4.574
4.15
3.926
3.423
3.047
3.224
3.095
3.208
3.35
3.122
2.482
2.675
2.46
1.622
1.521
1.498
1.269
1.052
0.52
0.768
0.931
1.349
1.174
0.832
0.794
1.104
1.697
1.851
1.816
1.582
1.512
1.613
1.766
1.924
2.309
2.732
2.115
2.019
1.617
1.44
2.17
2.43
2.691
2.337
2.2
2.211
2.059
2.124
2.428
1.757
1.779
2.016
2.217
2.473
2.56
2.847
2.777
2.31
1.374
1.074
2.017
2.463
2.041
2.315
2.569
2.249
1.797
2.139
1.611
1.73
2.353
1.85
2.421
1.939
1.667
1.233
1.195
1.152
1.273
1.44
2.072
2.462
2.032
2.773
2.202
1.969
2.919
3.701
3.759
3.544
3.838
4.86
4.703
4.918
4.541
4.641
4.437
4.505
5.209
4.74
4.149
4.669
4.447
4.179
3.963
3.808
3.508
3.426
2.956
2.66
2.597
2.646
2.884
3.221
2.571
2.927
2.76
3.033
2.848
2.839
3.161
2.474
2.825
2.311
2.619
2.444
2.568
1.734
2.607
2.989
3.445
4.032
2.841
3.292
2.762
3.048
3.665
3.456
2.836
3.603
3.211
2.729
2.869
3.32
2.892
3.164
3.627
3.223
4.028
4.191
3.419
4.519
4.734
4.099
5.15
4.71
4.488
3.909
4.709
4.312
4.831
4.584
4.081
4.323
4.155
4.355
4.198
4.634
3.815
3.317
5.081
5.373
4.73
4.585
4.961
4.529
4.658
4.512
5.131
4.985
4.804
4.44
5.118
4.934
3.659
3.464
3.116
3.511
3.934
4
4.068
3.698
3.59
3.355
3.301
3.529
3.364
3.389
2.985
2.935
3.031
2.899
3.046
3.055
3.241
3.219
3.312
3.064
2.807
2.823
3.027
3.197
3.307
3.454
3.35
3.606
3.565
3.432
3.618
3.443
3.258
3.287
3.374
3.504
4.137
4.751
4.397
4.435
4.387
4.523
4.361
4.761
4.421
4.261
4.168
4.07
3.734
3.564
3.482
3.722
3.89
3.981
3.699
3.539
3.069
3.254
2.979
2.743
2.872
2.9
3.403
3.446
3.122
3.144
3.006
3.568
3.808
3.72
3.743
3.228
3.073
2.868
2.524
2.42
2.124
2.116
1.875
2.182
2.444
2.651
2.961
3.009
2.948
2.971
2.75
2.9
2.799
2.73
2.392
2.261
2.219
2.13
2.281
2.777
3.001
3.061
3.286
3.43
3.43
3.865
3.357
3.386
3.823
3.931
4.235
4.135
3.968
4.48
4.411
4.633
4.372
4.185
3.755
3.605
3.792
4.307
4.163
4.52
4.853
4.857
4.41
4.504
4.666
4.848
4.738
4.847
5.321
5.364
5.251
4.772
5.335
5.814
5.065
4.843
5.042
6.615
6.887
6.338
5.949
5.261
4.98
5.305
5.36
4.826
5.117
4.143
4.395
4.795
4.526
4.661
4.324
4.082
4.09
4.172
4.625
4.676
5.473
6.258
5.976
5.702
5.262
5.597
5.566
5.598
5.516
5.928
5.891
6.656
6.71
6.816
7.01
6.354
6.965
7.03
6.775
6.663
6.316
6.171
5.554
5.68
5.402
5.762
6.142
5.95
6.541
6.734
6.807
7.58
9.12
7.53
8.01
8.55
7.82
8.69
8.04
8.37
8.16
7.6
9.77
10.41
10.22
8.69
9.54
8.31
8.01
6.449
6.925
6.772
7.14
6.442
6.707
6.722
4.925
5.49
6.362
6.11
5.577
5.679
6.037
6.767
6.843
7.1
5.606
6.181
6.685
8.38
8.3
7.65
7.97
7.42
8.89
8.08
7.3
7.26
8.61
8.31
7.11
7.76
8.04
7.57
7.79
8.43
7.91
7.61
8.38
8.49
7.98
8
7.15
8.54
8.12
7.41
7.95
7.36
7.4
6.946
7.49
6.775
6.812
6.179
5.6
5.889
6.124
5.245
5.113
5.462
4.748
5.725
4.406
4.882
4.442
5.29
5.207
4.449
5.137
7.6
6.348
5.903
6.183
6.905
6.685
6.587
6.093
5.895
5.156
5.148
4.701
4.136
3.763
3.71
3.355
3.043
3.116
2.921
2.954
2.692
2.192
2.391
2.312
1.923
2.018
2.281
2.419
2.84
2.833
2.663
2.468
2.24
2.506
2.854
2.867
2.965
2.844
2.611
2.42
2.528
2.468
2.323
2.597
2.577
2.769
2.539
2.856
2.836
2.873
3.054
3.311
3.336
2.909
2.983
2.913
2.793
2.645
2.426
2.307
2.2
2.165
2.099
2.167
2.193
2.147
2.042
2.025
2.193
2.223
2.289
2.249
2.216
2.235
2.277
2.181
2.125
2.131
2.179
2.683
2.652
2.936
2.699
2.625
2.467
2.28
2.328
2.399
2.418
2.417
2.302
2.26
2.343
2.414
2.629
2.873
3.032
2.992
3.051
3.185
3.125
3.468
3.541
3.335
3.577
3.79
3.44
3.654
3.714
3.907
3.256
3.36
3.727
3.688
3.649
4.128
3.711
3.88
4.056
4.253
4.091
3.857
4.13
3.363
3.288
3.279
3.124
3.454
3.657
3.308
3.498
3.462
3.644
3.667
3.59
3.767
3.774
3.574
3.595
3.912
4.175
4.01
4.07
4.015
3.892
3.286
3.18
3.109
2.784
2.976
2.758
3.168
3.24
3.315
2.744
2.771
3.695
3.649
3.509
3.494
4.445
3.783
4.407
4.739
5.223
4.728
4.876
4.759
4.757
4.319
4.083
4.755
4.72
5.115
4.661
4.358
4.55
4.297
4.839
4.38
4.481
5.059
4.395
5.025
5.622
5.308
5.386
4.256
4.671
4.701
4.544
4.478
4.622
4.901
4.723
4.634
4.306
4.558
4.031
4.254
3.656
3.967
4.452
5.221
5.398
4.784
5.404
4.477
4.758
4.246
3.052
2.959
2.627
2.538
3.275
3.013
4.227
3.286
3.665
3.239
3.974
3.312
3.365
3.958
3.821
3.488
3.983
3.846
3.997
3.796
4.049
3.863
3.746
4.552
4.629
3.914
4.32
4.144
3.653
3.647
4.071
3.674
4.018
3.965
4.219
3.972
3.913
4.1
3.982
3.888
4.155
3.893
3.65
3.941
4.017
4.287
4.108
4.126
3.699
4.144
4.466
4.475
4.691
3.537
4.292
4.71
4.225
4.063
4.358
3.824
3.941
4.15
3.994
3.833
3.477
3.646
3.82
3.904
3.934
4.025
4.57
4.31
4.554
3.808
4.328
4.085
4.026
3.932
3.841
3.194
3.663
4.102
3.44
3.882
3.307
3.813
3.572
3.194
3.23
3.107
3.046
2.731
2.387
2.501
2.624
2.826
2.401
2.406
2.423
2.371
2.477
2.588
3.017
2.749
2.776
2.664
2.508
2.391
2.125
2.161
1.994
2.095
2.099
1.926
1.839
1.977
1.639
1.597
1.56
1.587
1.719
1.68
1.669
1.687
1.513
1.64
1.819
1.376
1.37
1.547
1.536
1.86
2.182
1.705
1.207
1.986
1.943
2.635
2.414
2.753
3.008
2.147
2.438
1.96
1.607
1.994
1.625
1.723
2.259
2.068
1.75
1.984
1.833
1.854
1.553
1.57
2.152
2.919
3.362
2.855
2.397
2.545
2.791
2.922
2.88
2.817
2.945
3.252
3.091
2.198
1.875
1.754
1.484
1.186
1.112
1.276
1.23
1.365
1.303
.929
.794
.91
.887
1.277
1.926
1.801
1.934
1.139
1.35
1.59
1.586
1.871
1.796
1.329
1.629
1.398
1.356
1.473
1.803
1.655
1.38
1.515
1.69
1.38
.51
.834
1.13
1.006
1.377
1.19
1.259
1.302
1.022
1.292
1.054
.97
1.217
1.083
.867
.573
.875
.957
1.051
.675
1.41
.87
.672
.807
.808
.361
.001
0
0
.004
.039
.443
.679
.842
.373
.198
.738
.941
1.159
1.381
1.569
1.273
1.397
1.571
1.139
1.155
.219
0
.745
.677
.928
.861
.887
1.382
.833
.917
1.563
2.13
1.694
1.652
1.373
1.629
1.599
1.663
1.362
1.376
1.204
1.657
2.076
1.737
1.389
2.085
1.473
2.235
2.281
2.167
2.043
2.188
1.562
2.392
2.321
2.4
2.536
2.004
1.872
2.04
1.554
1.424
1.447
2.239
2.548
2.07
1.805
2.033
2.173
2.62
2.931
2.653
1.708
2.294
1.986
1.642
1.94
1.664
1.027
2.246
2.777
3.323
2.96
2.229
1.785
1.971
2.026
2.332
2.092
2.159
1.847
1.767
1.564
.707
.684
.476
.994
1.823
1.515
2.592
1.858
.891
1.009
1.165
1.033
2.065
1.255
1.575
1.636
1.396
1.202
1.745
1.335
1.249
1.484
1.028
1.082
1.122
1.261
.775
.891
1.467
.706
.927
1.667
1.185
1.093
1.1
1.096
.732
1.073
.498
.572
.159
.025
.577
.702
1.115
1.406
1.375
.971
1.662
1.477
1.756
1.885
1.759
2.045
2.124
2.088
2.335
2.003
2.258
2.18
1.789
1.944
1.774
2.449
2.185
1.979
2.163
2.082
1.928
1.897
1.982
2.687
2.685
2.273
2.063
2.394
2.4
2.823
2.961
2.8
2.582
2.496
2.333
2.401
1.784
1.885
1.929
1.696
1.754
1.801
1.82
1.984
1.996
1.948
1.656
1.346
1.365
1.647
1.659
1.757
1.737
1.906
1.886
1.694
1.786
1.658
1.413
1.472
1.48
1.092
.962
1.263
1.919
1.874
1.835
1.821
1.899
2.136
2.05
2.039
1.801
1.941
2.16
2.488
2.805
2.634
2.768
3.577
3.354
3.626
3.258
3.898
4.488
4.595
4.017
3.416
3.301
4.33
3.421
2.952
3.355
2.519
3.963
3.829
3.216
3.171
4.037
4.134
3.33
2.776
2.176
3.196
2.963
3.592
3.768
3.713
3.025
2.93
2.425
2.339
2.592
2.635
2.295
3.684
3.84
3.165
4.033
3.165
2.445
2.736
2.194
3.182
3.223
2.499
1.864
1.66
2.137
2.376
2.29
1.789
1.797
1.715
1.965
2.254
2.19
1.942
2.485
2.19
1.708
1.606
1.848
1.847
2.021
1.152
1.727
1.725
2
1.798
1.372
1.38
1.547
1.96
1.856
1.511
1.642
1.486
1.292
1.406
1.658
1.576
1.563
1.922
2.021
1.937
2.019
1.637
1.742
1.384
1.176
1.365
1.689
1.092
.71
.472
.631
.584
.71
.807
.993
1.592
2.272
1.599
1.037
1.484
2.262
2.102
1.164
1.332
1.235
1.003
.948
.831
.451
.546
.551
1.505
1.637
1.211
1.278
1.948
2.492
1.984
1.756
1.993
1.386
1.364
1.319
1.7
1.692
1.602
1.118
1.308
1.389
1.257
1.493
2.373
1.594
.385
.774
.887
1.157
.869
.924
1.38
.591
.891
1.234
.119
.921
.924
1.008
.719
1.068
.868
1.152
.635
.92
.615
.612
.56
1.39
1.728
1.335
1.387
1.589
1.858
1.365
1.867
2.754
1.85
2.861
2.651
1.815
2.588
2.595
1.859
1.342
1.753
1.965
.885
1.933
2.22
1.539
1.778
1.791
1.363
.719
1.756
1.839
1.674
1.451
1.691
2.041
2.285
1.678
.831
1.376
1.619
1.797
1.666
1.778
2.045
2.214
2.222
1.919
2.066
2.026
2.039
1.813
1.994
1.893
1.922
1.649
2.064
2.175
2.43
2.251
2.147
1.975
2.164
2.146
2.233
2.201
2.17
2.159
1.989
1.899
1.977
2.106
2.083
2.021
2.088
2.375
2.5
2.857
2.75
2.882
2.952
2.997
2.831
2.815
2.319
2.077
1.921
1.908
2.017
2.015
1.865
1.88
2.01
2.043
1.767
1.616
1.579
1.537
1.481
1.972
2.495
2.533
2.52
2.556
2.6
2.511
2.322
2.247
2.317
2.347
2.242
2.124
2.146
2.028
1.961
1.753
1.747
1.472
1.09
1.178
1.07
1.227
1.34
1.173
1.3
1.721
2.336
2.671
2.781
2.572
2.349
2.643
2.924
2.921
2.838
3.054
3.225
3.365
3.536
3.247
3.822
4.34
4.109
4.148
4.04
4.262
4.62
3.927
3.651
4.103
4.47
4.195
3.714
3.733
3.675
3.69
3.91
4.074
4.289
4.158
4.392
3.298
3.384
3.588
3.013
3.937
3.249
3.194
3.843
3.523
3.682
3.868
4.059
4.033
4.027
3.809
3.335
2.834
3.072
3.065
3.298
3.257
3.528
3.672
3.588
3.293
3.352
3.494
3.429
3.525
3.117
3.159
2.97
2.878
2.614
2.385
2.004
2.461
3.027
3.074
3.323
3.634
3.054
2.904
2.845
2.813
2.588
2.658
2.7
2.826
2.832
2.622
2.782
2.171
2.147
2.618
2.886
3.119
2.821
2.875
3.034
2.94
3.017
3.837
3.635
3.649
3.765
3.621
4.204
4.665
4.928
5.031
5.441
5.395
5.203
4.62
4.691
4.931
4.843
4.986
4.935
4.703
5.073
4.135
4.345
4.828
4.007
4.104
4.377
4.058
3.592
3.622
3.319
3.571
3.194
3.47
3.608
3.141
3.419
3.653
3.167
3.651
3.265
2.376
3.13
2.509
2.892
3.337
2.954
2.808
3.766
3.382
3.521
3.975
3.825
3.247
2.582
2.547
2.029
2.05
1.983
2.011
2.272
1.849
1.435
1.273
1.667
1.845
1.829
1.631
1.864
2.194
.653
1.354
1.371
1.348
1.21
.793
1.662
1.313
.718
1.979
1.666
.957
.628
1.186
.235
1.37
1.3
.431
.5
.778
1.241
1.055
1.89
1.116
1.129
1.235
1.127
.714
.285
.775
.734
.942
1.238
.362
.553
.718
1.718
.996
1.012
.859
1.473
.796
1.042
1.236
.536
.044
.368
.899
1.073
.403
.572
.674
.929
1.05
.979
.962
1.41
2.075
1.993
1.775
1.781
1.782
2.091
1.879
1.765
1.55
1.473
1.233
1.039
.987
1.244
1.003
1.091
.928
1.04
1.861
1.538
1.744
1.916
2.108
1.939
1.933
1.876
1.859
2.233
2.478
2.409
1.919
1.842
2.46
2.927
3.157
2.512
2.5
2.574
2.823
2.692
2.499
2.325
2.258
1.884
1.747
1.918
2.059
2.161
2.414
2.468
2.512
2.846
3.111
3.136
2.979
2.645
2.448
2.078
2.131
2.413
2.385
2.427
2.403
2.081
1.754
1.758
1.793
1.762
1.778
1.709
1.806
1.765
1.667
1.455
1.353
1.326
1.322
1.161
1.187
1.328
1.853
1.997
1.774
1.675
1.777
1.898
2.543
2.451
2.432
2.458
2.539
2.5
2.61
2.563
2.378
2.44
2.256
2.219
2.221
2.217
2.073
2.114
1.751
1.887
2.032
2.256
2.215
2.51
2.477
2.494
2.345
2.283
2.068
1.966
1.944
1.982
1.866
1.833
1.826
2.038
2.022
1.909
1.661
1.829
1.855
1.764
1.644
1.771
1.891
2.013
1.757
1.448
1.279
1.433
1.465
1.282
1.315
1.414
1.39
1.29
1.451
1.344
1.345
1.458
1.698
1.929
1.974
1.987
1.863
1.953
1.905
1.805
1.86
1.823
1.751
1.684
1.648
1.564
1.679
1.982
1.974
1.991
1.928
2.024
1.662
1.546
1.555
1.46
1.376
1.356
1.249
1.372
1.847
1.643
2.073
2.271
2.183
2.697
2.851
3.451
3.777
3.028
3.366
3.257
3.725
4.467
4.229
4.279
4.142
4.757
5.836
4.502
4.619
5.08
4.679
4.922
4.611
5.245
4.596
4.509
5.167
4.92
5.146
4.352
4.202
5.213
5.132
4.636
4.544
5.335
4.836
5.284
5.583
5.194
4.921
6.069
5.558
5.866
6.205
5.544
6.017
5.821
5.867
5.828
5.308
5.564
5.238
6.283
5.702
5.423
6.61
6.993
6.57
6.283
5.85
4.575
6.173
5.169
6.571
5.284
6.069
5.123
5.318
6.178
5.573
6.053
5.621
5.766
5.566
6.335
6.136
5.092
5.345
5.398
6.035
5.559
5.308
5.709
5.547
5.496
5.797
5.497
5.419
5.853
4.797
5.529
5.571
5.562
5.207
5.166
4.909
4.555
5.192
5.362
5.252
4.713
4.687
4.987
4.606
4.509
3.939
3.925
3.411
3.459
3.006
2.816
2.8
3.094
2.823
2.422
2.34
2.047
1.828
1.381
1.214
1.334
1.478
1.629
1.853
2.025
1.84
2.015
1.935
2.084
2.007
2.399
2.503
2.632
2.928
3.152
3.053
2.896
2.751
2.953
3.056
2.92
2.809
2.747
2.698
2.853
3.211
2.9
2.585
2.844
2.603
2.854
2.655
2.892
2.965
3.01
2.99
3.059
3.073
2.845
2.793
2.758
2.754
3.135
3.276
3.167
3.26
2.97
2.22
2.96
3.602
3.466
3.193
3.016
3.489
3.449
3.389
3.813
4.17
3.805
3.582
3.865
3.771
3.691
3.564
3.575
3.701
3.752
3.771
3.811
3.535
3.325
3.336
3.647
3.699
3.621
4.399
4.078
4.222
4.017
3.593
3.858
4.027
3.755
3.362
3.321
3.404
3.874
3.105
3.132
3.336
3.549
3.617
3.509
3.694
3.566
3.55
3.554
3.591
3.492
3.536
3.172
3.398
3.752
3.646
3.728
3.479
3.319
3.168
3.357
3.271
2.628
2.846
2.656
3.006
3.144
2.896
3.235
3.374
3.058
3.433
3.03
2.379
2.702
2.92
2.681
2.844
3.274
2.98
3.346
3.286
3.22
3.012
2.939
2.964
3.214
3.522
3.751
3.617
3.572
3.332
3.3
2.951
2.811
2.534
2.807
2.734
2.804
3.183
3.557
3.781
3.655
3.611
3.895
3.861
3.847
3.969
3.549
2.816
2.462
2.574
1.938
.792
.971
2.285
1.608
1.411
1.767
1.631
1.401
1.487
1.262
1.365
1.409
1.383
1.163
1.859
1.835
2.077
2.416
3.455
2.87
2.801
2.848
3.072
2.766
3.516
3.235
2.842
3.535
3.599
3.992
3.779
4.018
3.743
4.1
3.452
4.265
3.334
3.793
4.131
4.259
3.379
2.392
3.134
2.882
3.168
3.083
3.551
3.34
2.941
3.541
3.015
3.116
2.89
1.839
2.4
3.028
2.319
2.269
2.823
2.659
2.771
2.127
2.028
2.194
2.592
2.17
2.468
1.848
2.744
2.281
2.318
1.133
1.955
1.98
1.813
1.46
1.732
2.446
2.001
1.534
2.27
2.731
1.084
2.186
2.067
1.784
.917
1.521
1.763
1.861
.478
.59
1.678
2.124
.753
1.127
1.056
.968
.303
.511
.531
1.257
.192
1.012
.978
.476
.3
.254
.785
.871
.741
.388
.43
.323
.488
.92
1.092
1.138
1.321
1.572
1.511
1.376
1.634
1.845
1.859
1.884
1.773
1.611
1.468
1.503
1.847
1.866
1.725
1.798
2.065
2.532
2.766
2.615
2.481
2.31
2.295
2.193
2.41
2.697
2.623
2.578
2.532
2.428
2.458
2.443
2.363
2.485
2.524
2.536
2.475
2.455
2.525
2.595
2.753
2.65
2.388
2.621
2.855
2.752
2.506
2.437
2.49
2.558
2.956
3.053
3.009
2.798
3.012
2.89
2.916
3.167
3.236
3.482
3.366
3.196
3.231
3.267
3.209
3.324
3.363
3.453
3.132
3.369
3.584
3.401
3.33
3.429
3.493
3.586
3.828
3.581
3.47
3.397
3.263
3.311
3.35
3.292
3.355
3.381
3.535
3.552
4.008
3.881
3.776
3.725
3.471
3.732
4.151
4.041
3.695
3.626
3.851
3.699
3.592
3.816
3.916
3.866
3.887
3.763
3.576
3.543
3.396
3.698
3.826
3.951
4.145
3.677
3.235
3.388
3.109
3.437
3.563
3.384
3.118
3.148
3.181
3.424
3.32
3.273
3.31
3.192
3.122
3.179
3.469
3.389
3.358
3.393
3.322
3.327
3.258
3.404
3.167
3.181
3.227
3.359
3.411
3.53
3.662
3.943
3.861
3.678
3.835
3.621
4.176
3.574
2.997
3.484
3.784
4.235
3.796
3.538
3.36
3.427
3.363
3.37
3.467
3.781
3.166
3.716
3.601
3.633
3.662
3.343
3.56
3.643
3.342
3.219
3.692
3.319
3.086
3.023
2.956
2.562
3.145
3.439
3.471
3.38
2.674
3.112
3.426
3.834
3.79
3.198
3.305
3.814
3.311
3.595
3.279
2.955
2.45
2.625
2.296
2.399
2.997
2.871
2.974
3.028
2.772
2.929
2.586
3.274
3.128
2.813
3.041
3.177
3.33
3.428
3.561
3.149
2.77
3.101
3.267
3.506
3.474
3.417
3.755
3.193
3.896
3.714
3.816
3.57
3.773
3.806
3.501
3.831
4.316
3.999
3.378
3.612
4.261
4.108
4.461
3.741
4.665
3.362
4.315
3.639
3.597
3.903
3.834
3.836
3.618
4.202
3.875
3.526
3.047
4.064
3.268
4.098
3.249
3.941
3.64
3.626
3.125
3.412
3.572
3.444
4.079
3.999
3.766
3.404
3.804
3.277
4.086
3.943
3.982
3.338
4.057
3.617
3.136
2.887
3.242
2.981
2.737
2.866
2.501
2.963
2.627
2.707
2.709
2.152
2.292
2.442
2.232
2.153
2.115
2.281
2.488
2.304
2.292
2.117
1.989
2.025
2.033
1.772
1.88
2.333
2.287
2.26
2.408
2.149
2.191
2.396
2.55
2.312
2.282
2.145
1.892
1.905
1.995
1.884
2.155
2.521
2.497
2.58
2.611
2.726
2.898
2.864
2.696
2.808
2.721
2.691
2.843
2.808
2.689
2.759
2.791
2.883
2.913
2.852
2.877
3.009
3.075
3.11
3.016
3.181
3.066
3.001
2.946
2.964
2.97
2.978
3.085
3.074
3.159
3.24
3.267
3.286
3.134
3.118
3.133
3.171
3.254
3.194
3.111
3.242
3.019
3.008
3.082
3.171
3.212
3.258
3.13
3.149
3.149
3.231
3.243
2.995
3.009
3.17
3.095
3.025
2.868
3.107
3.362
2.974
2.95
3.178
3.024
2.981
3.071
2.911
3.169
3.373
3.112
3.077
3.251
3.139
3.23
3.207
2.973
3.039
2.848
3.061
3.238
3.009
2.842
2.979
3.009
2.996
3.035
2.996
2.83
2.505
2.24
2.466
2.633
2.688
2.923
2.878
2.908
2.902
2.702
2.687
2.776
3.183
3.002
2.589
2.419
2.281
2.128
2.198
2.582
2.715
3.074
3.197
3.041
2.671
2.695
3.095
3.173
2.963
3.086
2.952
3.177
3.121
3.005
2.836
2.962
3.218
3.443
3.205
3.039
2.982
3.259
3.112
2.916
2.915
2.91
2.855
2.742
2.974
2.924
2.893
2.969
2.539
2.501
3.052
3.35
3.251
3.128
3.157
3.037
2.98
3.061
3.262
3.312
2.917
3.099
3.062
3.233
3.229
3.664
3.547
3.493
3.822
3.281
4.05
4.03
3.504
3.831
3.768
3.954
4.086
3.996
4.532
4.723
5.044
5.043
5.414
5.12
4.602
5.365
5.581
5.329
5.619
5.11
4.325
5.447
4.881
4.708
5.268
5.474
4.716
5.458
5.376
5.987
5.892
5.521
5.369
5.772
5.744
5.46
5.742
4.679
5.743
5.935
5.723
5.475
7.11
6.796
6.172
5.515
6.197
7.02
6.518
6.465
5.672
5.245
6.084
5.218
5.685
4.715
4.904
5.48
5.081
4.409
5.581
5.914
4.564
4.744
6.066
4.991
4.749
4.865
4.775
5.365
6.225
4.754
4.48
4.591
4.995
4.737
5.096
4.921
5.479
4.806
4.336
3.948
3.754
3.543
4.069
3.651
3.217
3.16
3.079
3.243
3.216
3.273
3.417
3.639
3.751
3.636
3.775
3.925
3.81
3.449
3.321
3.571
3.507
3.305
3.786
3.667
3.477
3.915
3.842
3.379
3.32
3.366
3.809
4.011
4.7
5.835
4.978
4.5
4.077
3.938
4.039
3.897
3.972
3.93
3.965
4.28
4.463
4.482
4.47
4.537
4.316
4.424
4.341
4.424
4.919
5.23
5.63
6.015
5.837
5.359
5.697
5.759
5.547
5.761
5.73
5.64
5.636
5.355
5.515
5.475
5.471
5.682
5.557
6.132
5.803
5.97
6.226
5.937
6.293
6.536
6.138
6.454
6.25
6.279
6.468
6.292
6.577
6.327
6.189
5.873
5.686
5.428
5.668
6.914
6.162
6.127
6.133
5.861
5.708
6.068
5.539
5.545
5.558
5.223
5.758
5.325
5.108
4.844
4.94
4.792
4.666
4.995
4.623
4.536
4.707
4.669
4.966
4.431
4.647
4.235
4.621
4.087
4.371
4.685
4.269
4.016
3.444
3.443
3.461
3.694
3.485
3.461
3.448
3.199
3.072
3.452
3.129
3.053
2.996
3.072
3.173
2.889
2.967
3.286
2.878
3.536
3.595
3.525
3.609
3.371
3.702
3.836
3.824
3.923
4.548
3.692
4.226
4.31
4.135
4.238
4.405
4.481
3.864
3.979
3.865
3.927
3.993
4.222
4.314
4.563
4.245
4.485
4.904
4.707
4.408
4.463
4.175
4.116
4.313
4.299
4.808
4.91
4.954
5.127
4.646
4.1
3.925
4.119
4.33
4.538
4.303
4.85
4.457
4.641
4.849
4.5
5.044
4.901
5.631
5.921
5.761
5.87
5.293
5.827
4.947
4.834
5.734
5.444
6.467
4.997
4.953
5.759
6.553
5.524
6.196
6.165
5.128
5.428
5.395
6.847
6.209
6.62
6.01
4.928
5.228
6.249
6.531
6.44
5.576
6.15
6.801
5.192
5.142
6.311
6.441
5.744
5.962
6.693
6.149
6.714
6.502
7.37
7.7
7.31
6.519
7.69
7.58
7.38
7.58
7.57
7.59
9.14
8.33
8.75
9.52
9.5
8.88
6.669
7.81
8.16
6.695
7.97
7.53
7.87
8.58
7.13
6.651
6.516
7.56
8.92
7.73
7.54
7.34
7.48
8.06
8.79
8.62
7.9
6.739
7.37
7.35
7.89
8.7
7.66
6.964
7.23
7.71
8.27
5.489
5.066
5.266
5.801
6.253
4.824
3.244
3.16
3.776
5.814
5.423
4.402
3.569
3.345
3.748
3.477
3.513
3.546
3.789
4.037
4.2
4.552
4.569
4.38
4.329
4.11
4.013
4.088
4.759
4.598
4.566
4.426
4.172
3.678
3.797
3.954
4
3.783
3.323
3.752
4.177
3.763
3.125
3.474
3.759
3.006
2.687
2.934
3.867
5.024
5.486
5.44
5.589
5.706
5.579
5.816
6.251
6.137
5.807
5.273
5.322
4.794
4.948
4.76
4.629
4.316
3.767
3.034
4.378
4.46
3.66
3.177
3.134
2.746
2.877
3.091
2.758
2.503
2.199
2.119
7.69
6.687
5.235
5.743
5.317
5.124
4.471
3.958
3.335
3.05
3.016
3.25
3.374
3.906
3.683
3.241
2.628
2.271
2.872
3.423
3.719
4.18
4.256
4.045
3.418
3.038
2.265
1.895
1.929
2.418
2.697
3.151
3.992
3.675
2.866
2.092
1.874
2.156
2.964
3.427
3.911
4.149
3.993
3.775
3.752
3.686
3.808
3.386
2.949
3.115
3.041
3.143
3.063
2.856
3.191
3.42
3.252
3.437
3.924
3.586
3.786
3.704
3.697
3.682
3.455
4.239
5.022
4.727
4.446
4.09
3.77
4.038
3.995
4.117
4.447
5.37
5.603
6.746
7.18
7.5
7.4
6.62
6.535
6.506
6.154
6.582
6.733
6.217
5.713
4.786
4.438
4.592
5.072
5.174
5.461
5.622
5.397
4.757
4.724
4.738
5.571
5.639
5.83
5.604
7.07
7.51
7.44
7.92
7.91
8.59
8.84
10.53
8.12
8.31
8.74
9.44
9.95
10.32
9.29
9.21
8.56
8.65
8.51
7.95
7.94
8.76
8.24
6.976
8.25
7.62
8
7.43
8.19
8.49
7.53
9.02
9.19
7.02
7.91
7.81
7.32
7.46
7.53
8.02
7.51
8.36
6.732
7.6
7.51
5.883
5.776
6.347
6.397
7.27
5.983
6.397
6.321
5.658
6.484
5.253
5.533
6.513
5.486
5.598
5.892
5.639
6.185
5.618
6.734
6.752
5.593
4.809
5.983
5.658
6.011
5.683
5.795
4.763
5.681
4.854
5.638
6.058
5.737
5.888
5.527
6.456
5.394
5.465
5.171
6.598
5.437
6.03
6.126
5.871
5.997
6.031
6.421
5.562
6.255
5.726
5.856
6.105
5.479
4.87
5.822
5.579
5.689
5.441
5.64
5.602
5.293
5.79
4.861
4.045
4.417
3.833
3.726
3.046
3.289
3.06
3.191
2.903
2.845
3.33
3.534
3.344
3.51
3.193
3.462
3.458
3.625
3.481
3.352
3.466
3.622
3.492
3.721
3.696
3.782
3.805
3.612
3.447
3.363
3.276
3.095
3.149
3.422
3.372
3.419
3.397
3.202
3.269
3.065
3.062
3.275
3.232
3.153
3.045
3.099
3.041
2.88
2.875
3.221
3.411
3.511
3.517
3.56
3.758
4.132
4.47
4.383
4.515
4.292
4.159
4.204
4.126
4.119
3.919
3.849
3.581
3.318
3.362
3.48
3.164
3.243
3.15
3.017
2.895
3.1
3.072
3.046
3.122
3.051
3.124
2.965
2.649
2.517
2.895
2.664
2.575
2.58
2.684
2.777
2.721
2.638
2.207
2.1
2.016
1.628
1.522
1.6
1.681
1.615
1.871
1.892
1.64
1.655
1.629
1.963
2.092
2.132
2.501
2.812
2.617
2.375
2.367
2.268
2.391
2.315
2.315
2.197
2.292
2.164
2.011
2.178
2.05
1.916
2
2.135
2.153
2.004
1.762
1.586
1.576
1.733
1.763
1.668
1.534
1.243
1.116
1.095
.944
.907
.69
.859
1.075
.999
.92
1.059
1.125
1.498
1.449
1.866
1.844
1.494
1.622
1.563
1.655
1.644
1.663
1.425
1.064
.795
.548
.389
.521
.8
.813
.817
.72
.769
.924
1.04
.939
.8
.857
.872
.877
.765
.613
.739
.619
.675
.372
.864
.927
1.277
1.319
1.375
2.021
2.189
2.825
2.969
2.99
2.879
2.789
2.951
2.948
2.8
3.024
3.823
3.75
3.635
3.887
3.516
3.176
3.976
3.585
3.93
3.014
3.876
3.507
2.922
3.046
3.696
2.983
3.108
2.983
3.472
3.244
3.055
2.798
3.108
2.871
3.002
3.576
3.181
3.173
3.646
3.76
3.783
2.484
3.474
3.046
4.491
2.264
4.614
3.193
4.168
3.227
2.841
3.263
3.629
3.743
3.585
4.089
3.52
4.521
3.619
1.54
4.463
3.462
2.415
2.661
4.105
3.876
3.726
3.65
3.675
4.466
3.859
4.846
3.687
3.847
4.546
4.316
4.069
4.461
4.342
3.069
3.439
3.86
3.854
3.713
4.49
4.89
4.5
3.765
3.427
4.346
4.165
3.549
4.34
3.496
4.1
3.7
3.709
3.941
3.468
3.144
3.101
3.03
2.617
2.498
3.033
3.193
2.704
2.907
2.787
2.733
2.515
2.571
2.678
2.637
2.734
2.801
2.745
2.739
2.727
2.603
2.702
2.787
2.841
2.74
2.742
2.738
2.677
2.638
2.839
2.882
2.96
3.028
2.924
2.93
2.917
3.121
3.133
3.228
3.052
2.951
2.863
3.033
3.135
3.052
3.198
3.103
3.222
3.31
3.189
3.23
3.09
3.255
3.139
3.333
3.209
3.076
3.231
3.228
3.338
3.445
3.566
3.591
3.344
3.048
3.085
2.985
3.073
3.211
3.03
2.845
3.02
3.165
3.188
3.237
3.242
2.731
2.742
3.099
3.057
2.994
3.507
3.618
3.845
3.88
3.798
3.815
3.616
3.661
3.822
3.8
3.545
3.357
3.549
3.866
4.252
4.099
4.104
3.967
4.309
4.144
4.62
4.623
4.712
4.812
5.12
4.498
4.459
4.216
4.097
4.325
4.471
4.341
4.377
4.342
4.077
4.33
4.467
3.818
3.963
4.397
4.124
4.617
4.14
4.457
4.256
4.105
4.128
4.367
4.19
3.916
3.965
3.75
3.424
3.573
3.104
2.833
3.059
3.106
3.063
2.704
2.995
3.184
3.114
3.013
2.956
3.086
3.262
3.355
3.501
3.907
3.449
3.136
2.953
2.929
3.044
3.29
3.666
3.637
3.445
3.861
4.087
3.906
3.473
3.77
3.548
3.679
3.47
3.723
3.482
3.994
3.81
3.884
3.408
3.585
3.748
3.782
3.344
3.508
3.278
3.305
3.623
3.15
2.687
3.409
3.218
3.029
3.565
3.291
3.197
3.41
3.759
3.924
4.029
3.82
3.833
4.212
4.196
4.398
4.322
4.357
4.44
4.049
4.127
4.219
4.744
4.302
4.277
4.383
4.044
3.691
4.14
3.654
3.668
3.665
4.242
4
4.408
3.315
3.648
4.152
3.339
3.627
4.269
4.624
4.508
5.05
4.096
5.259
5.135
5.51
4.788
5.057
4.614
4.478
4.602
4.76
4.224
4.588
5.511
4.984
4.279
5.154
5.771
5.159
4.709
5.388
5.111
4.858
5.458
5.3
5.129
4.979
6.171
5.652
5.144
5.227
5.587
5.564
4.03
4.248
5.333
4.666
4.675
4.437
4.891
4.82
3.988
4.929
5.027
4.23
4.198
4.773
4.615
4.316
3.519
4.61
3.72
4.423
3.802
4.373
3.961
3.214
3.49
2.971
4.191
3.569
3.084
2.622
2.511
2.701
2.534
2.782
2.762
2.93
3.055
3.362
3.604
3.597
3.661
3.529
3.147
3.381
3.355
3.5
3.604
3.961
3.873
3.843
3.354
3.196
3.213
3.15
2.736
2.992
2.956
3.002
2.805
2.67
2.604
3.098
3.399
3.294
3.309
3.315
3.274
3.467
3.606
3.87
3.399
3.052
3.16
3.383
3.6
3.411
3.609
3.618
3.762
3.992
3.455
3.375
3.246
3.58
3.426
3.171
3.245
3.218
3.224
3.357
3.331
3.454
3.67
4.118
3.909
4.282
4.234
4.329
4.287
3.856
4.344
4.148
3.762
3.684
3.839
3.991
4.137
4.152
3.752
4.222
4.021
4.015
4.169
4.747
4.528
4.574
4.515
4.906
4.832
4.646
4.779
4.346
4.536
4.735
4.304
4.648
4.566
4.458
4.616
3.933
4.304
3.95
3.745
3.769
4.007
3.969
3.981
3.71
3.591
3.698
3.786
3.647
3.918
4.097
3.621
3.776
3.879
4.244
3.703
3.716
3.923
3.423
3.756
3.923
3.77
3.303
3.703
3.384
3.775
3.343
3.545
3.584
3.436
3.352
3.685
4.001
3.881
3.641
3.625
3.782
3.866
3.843
3.642
3.618
3.273
3.083
3.078
3.069
3.183
3.099
3.343
3.62
3.674
3.49
3.534
3.341
3.339
3.685
3.427
3.392
3.631
3.482
3.456
3.183
3.178
3.032
3.208
3.149
3.16
3.007
2.936
3.029
3.175
3.145
3.089
2.867
2.934
2.992
2.81
2.838
2.752
2.641
2.632
2.29
2.718
2.286
2.737
3.039
3.221
3.782
3.813
3.507
3.349
3.684
4.239
3
2.8
2.294
2.402
2.031
2.478
2.399
2.425
2.791
2.403
2.814
3.446
2.775
2.365
2.562
2.778
2.472
2.651
3.09
3.386
3.292
3.162
3.62
3.451
3
3.108
3.778
4.442
3.315
3.624
3.864
3.852
3.719
4.655
5.28
4.801
5.28
5.09
4.862
4.223
4.301
3.808
4.515
4.058
3.885
4.026
3.827
4.595
4.242
3.946
5.022
5.222
4.188
4.085
5.467
4.09
4.764
4.684
4.359
4.491
4.547
3.818
4.349
3.755
3.406
4.104
4.153
3.516
3.709
4.265
3.879
3.621
4.036
3.741
3.429
3.103
3.286
2.951
2.517
2.369
2.287
2.211
2.081
1.737
1.564
1.497
2.011
2.078
2.197
2.502
2.507
2.47
2.033
2.148
2.401
2.334
2.426
2.271
2.229
2.694
2.732
3.079
3.16
2.958
2.685
2.353
1.536
1.37
4.013
3.477
3.298
2.704
2.725
2.823
2.481
2.794
2.613
2.64
2.996
2.753
2.892
3.476
3.375
3.417
3.323
3.651
3.677
2.771
2.183
3.111
3.874
2.07
2.658
2.867
2.731
3.447
3.582
3.483
3.477
3.824
3.649
3.463
3.282
3.686
3.547
3.943
4.06
4.219
3.84
3.791
3.881
4.198
3.896
3.707
3.815
4.079
3.883
4.224
4.472
4.21
3.816
4.221
4.359
4.376
4.063
4.468
4.282
3.87
4.155
4.298
3.917
4.013
4.207
4.357
4.304
4.104
3.815
4.032
3.97
4.861
4.799
5.153
6.264
5.111
5.453
4.985
3.841
4.202
5.133
4.924
4.198
4.463
4.105
3.784
3.665
3.23
3.407
3.577
3.65
3.891
4.225
4.04
4.437
4.346
4.182
4.63
4.22
4.542
4.011
3.198
3.213
3.052
2.982
3.298
3.151
3.547
2.881
3.458
2.603
2.822
3.073
3.034
2.594
2.292
2.928
3.261
3.015
3.6
3.27
2.69
2.462
2.985
3.317
3.366
3.636
3.388
3.233
3.577
4.333
3.992
3.398
3.649
3.7
3.478
3.716
3.564
3.642
3.554
3.2
3.94
5.139
5.925
6.337
6.18
5.262
2.913
1.356
2.765
3.315
1.377
2.689
1.969
1.65
1.996
2.399
2.707
2.574
2.829
2.902
2.716
2.553
2.333
2.216
1.924
2.159
2.118
2.474
2.773
3.307
3.136
3.839
4.081
4.043
3.911
4.389
4.765
5.389
4.997
5.722
5.066
5.996
6.081
7.78
8.17
7.8
9.08
8.33
9.09
9.25
8.01
8.62
8.63
8.49
7.9
8.34
8.92
8.78
9.59
10.02
9.82
9.26
10.69
10.95
10.74
10.32
10.02
9.63
9.65
10.24
8.85
10.8
10.55
8.8
9.82
8.46
8.58
8.69
7.86
7.65
8.44
7.16
7.87
8.98
7.1
7
8.8
8.71
7.98
8.02
8.94
8.45
7.62
7.82
8.15
7.7
7.87
8.1
8.64
8.82
8.07
7.14
9.11
7.83
8.72
7.09
7.58
7.3
8.06
7.65
7.07
7.87
8.21
8.09
7.48
8.68
9.84
7.85
7.29
9.06
8.55
5.931
7.15
7.37
9.44
6.627
6.049
7.48
6.386
6.943
6.083
6.025
5.87
5.166
5.096
5.668
5.235
4.743
4.495
4.671
4.331
4.154
4
3.496
3.16
3.207
3.493
3.693
3.57
3.31
3.017
2.78
2.286
2.262
2.053
2.31
2.302
2.708
3.16
3.424
3.893
3.46
3.351
3.553
3.388
3.698
3.513
3.327
3.496
3.656
3.793
3.777
3.59
3.671
3.653
3.297
3.02
3.082
2.904
3.262
3.127
2.804
2.707
2.828
3.507
3.619
3.475
4.504
4.988
4.344
3.543
3.515
4.335
5.405
4.889
4.29
5.437
5.676
5.201
5.909
6.09
6.1
5.358
5.011
4.014
4.009
3.665
3.307
2.868
2.818
2.624
3.076
3.821
3.874
3.659
3.829
3.663
3.895
3.805
3.908
4.177
4.292
4.529
4.756
4.388
4.454
4.805
4.626
4.082
3.563
3.704
4.14
3.928
4.032
4.577
4.925
3.751
3.188
3.128
2.459
2.397
2.98
3.629
3.76
3.729
3.613
3.302
3.489
3.319
3.602
3.093
3.355
3.651
3.351
3.038
2.711
2.764
3.179
3.506
3.567
3.498
3.502
3.732
3.488
3.248
3.116
2.651
3.024
3.326
3.438
3.534
3.532
3.549
3.58
3.652
3.911
3.716
4.117
4.298
4.261
3.934
4.01
4.228
4.334
3.903
4.145
4.563
4.744
4.325
3.69
4.079
4.195
3.434
2.782
3.182
3.566
3.36
2.963
3.346
3.467
3.287
3.605
3.04
3.086
2.91
3.257
3.196
2.631
2.756
2.891
2.969
2.988
3.492
3.386
3.313
3.151
3.105
2.91
3.138
3.462
2.667
3.857
3.638
3.714
3.282
4.159
4.082
3.916
4.405
3.88
4.536
4.266
4.884
4.181
4.125
3.945
4.133
3.828
3.366
3.565
2.744
2.287
2.592
1.722
1.237
1.984
1.5
2.028
1.672
.293
1.557
1.858
1.758
1.466
1.024
1.403
.583
1.463
2.675
1.173
1.299
2.216
1.486
1.224
1.736
.925
1.635
1.102
1.108
1.758
1.42
1.183
.899
1.92
1.865
1.302
.923
1.268
.851
1.062
.86
1.387
1.188
1.088
1.87
1.421
.38
1.611
1.47
1.356
1.708
.791
2.437
1.26
1.073
1.588
1.925
1.829
1.692
.889
1.383
1.584
1.991
1.764
1.466
.79
1.508
1.41
1.651
1.575
2.187
2.117
2.427
2.597
1.414
1.451
2.331
2.447
2.566
2.385
2.547
2.281
2.799
2.232
2.211
2.234
2.101
2.082
2.179
2.651
2.776
2.749
2.694
2.557
2.447
2.592
2.706
2.94
2.779
2.844
2.873
2.963
3.095
3.168
3.147
3.203
2.985
3.144
3.032
2.93
3.055
3.28
3.176
2.969
3.044
2.689
2.618
2.892
2.972
2.895
2.972
3.068
3.054
3.029
3.264
3.535
3.435
3.238
2.875
2.951
3.151
3.108
2.975
2.733
2.644
2.588
2.358
2.181
2.191
2.327
2.645
2.894
3.073
3.346
3.389
3.334
3.432
3.016
2.916
3.504
3.256
3.284
3.367
3.22
3.109
3.226
3.129
3.17
3.105
2.827
2.996
3.058
2.777
3.083
3.372
3.522
3.724
3.574
3.415
3.827
3.825
3.867
3.843
4.121
4.028
4.091
4.132
4.009
3.977
3.644
3.774
3.487
3.33
3.09
3.005
3.097
3.295
3.09
3.257
3.196
3.037
2.928
2.894
2.909
3.214
3.183
3.095
3.082
3.086
3.205
3.329
3.353
3.343
3.361
3.444
3.201
3.342
3.428
3.52
3.329
3.015
3.111
3.187
3.198
3.269
3.219
2.819
2.517
2.493
2.931
3.263
3.218
2.993
3.051
3.001
3.059
3.181
3.322
3.547
3.158
3.065
3.146
3.161
2.829
2.599
2.732
2.674
2.316
2.33
2.532
2.38
2.295
2.391
2.743
2.754
2.582
2.72
2.884
3.09
2.92
2.515
2.387
2.455
2.284
2.264
2.236
2.106
2.283
1.995
1.715
1.903
2.243
2.47
2.556
2.598
2.635
2.68
2.827
2.984
2.49
2.655
2.978
2.961
2.901
3.6
2.864
2.982
3.392
3.112
2.781
3.388
3.807
3.155
3.142
2.787
2.451
2.825
2.962
3.268
2.55
3.768
3.661
3.319
2.877
2.854
2.765
2.314
1.986
1.739
3.106
3.2
3.431
2.941
2.356
3.492
2.168
3.35
1.823
2.865
1.579
1.651
3.831
2.294
2.797
1.876
3.259
3.487
2.972
3.109
2.41
2.094
1.493
1.192
2.797
2.361
2.697
2.03
2.871
1.279
2.323
3.219
2.248
2.967
2.95
3.128
2.913
2.85
2.515
1.386
1.39
1.935
2.352
1.737
1.609
3.281
2.256
1.657
1.168
2.577
2.992
3.474
2.822
2.672
2.209
1.975
2.624
1.981
2.677
3.356
3.485
2.979
3.095
2.232
2.519
2.52
2.686
2.466
2.426
2.315
2.1
2.248
2.428
2.758
2.871
3.093
3.232
3.341
3.349
3.368
3.454
3.751
3.35
3.754
3.492
3.716
3.894
3.72
3.682
3.791
3.359
3.243
3.16
3.536
4.086
4.281
4.159
4.119
3.998
3.824
3.7
3.555
3.567
3.599
3.282
3.39
3.268
3.264
3.357
3.36
3.263
3.188
3.091
3.359
3.414
3.382
3.437
3.254
3.172
3.4
3.648
3.735
3.9
3.967
3.77
4.185
3.981
4.063
4.83
4.702
4.702
4.633
5.009
5.829
6.306
6.574
7.38
7.2
7.35
8.07
6.915
7.36
7.1
6.552
6.29
5.824
5.689
5.267
5.81
5.545
5.776
5.666
5.531
5.586
5.484
5.402
5.366
5.372
5.14
5.165
4.86
4.908
4.899
4.983
5.006
5.314
5.202
5.55
5.416
6.02
5.715
5.055
5.222
5.151
5.116
4.783
4.411
4.128
4.296
4.582
4.225
3.93
4.227
4.456
4.385
4.525
4.469
4.613
4.517
4.597
4.382
4.377
4.182
3.949
3.871
3.615
4.075
4.275
4.547
4.675
4.418
4.14
4.263
4.698
4.68
4.768
4.582
4.758
5.216
4.873
3.827
3.808
3.659
3.565
3.546
3.514
3.899
3.87
4.025
3.753
4.067
4.383
4.227
3.994
4.13
4.091
4.186
4.215
4.453
4.492
4.29
4.854
4.815
4.57
4.334
4.863
4.924
4.546
4.07
3.787
3.863
4.122
3.886
3.557
3.95
4.023
3.62
3.579
3.707
3.846
4.056
4.41
4.977
4.368
4.533
4.526
5.492
4.831
5.047
5.655
4.775
5.511
5.265
5.786
5.246
5.21
5.583
5.785
7.39
7.04
6.002
6.448
5.551
5.884
5.103
5.788
5.775
5.79
5.535
5.203
4.745
3.789
4.411
4.609
5.103
4.611
4.39
4.335
5.184
5.3
5.282
5.168
4.371
4.283
5.233
4.903
4.273
4.27
3.626
3.117
2.585
4.202
3.618
3.455
3.611
3.375
2.803
2.246
3.672
3.083
2.647
2.063
3.093
3.553
2.81
4.124
3.046
3.693
3.467
3.396
3.318
3.276
3.245
2.645
2.842
2.715
2.778
2.752
4.072
3.362
3.774
3.494
3.549
3.763
2.944
2.552
3.83
3.074
2.722
2.902
2.334
2.532
2.954
1.854
2.496
3.435
2.408
2.294
2.654
2.568
2.576
3.389
3.38
2.897
2.231
2.971
2.515
2.075
1.778
1.906
1.92
1.971
1.649
1.711
1.741
2.081
1.587
1.947
1.729
1.899
2.062
1.672
1.713
1.749
1.525
1.543
1.851
1.619
1.436
1.896
1.907
1.364
1.093
1.066
.741
.718
1.275
1.652
1.581
1.847
2.399
2.197
2.362
2.139
2.297
2.991
2.926
2.293
2.988
3.083
2.901
2.965
3.173
2.983
2.487
1.756
2.039
2.223
1.82
1.852
2.191
2.174
2.123
2.397
2.389
2.19
2.341
1.728
1.461
2.252
2.2
1.47
1.725
1.897
1.878
1.884
1.702
1.444
.957
.669
.802
1.167
1.198
.911
.894
1.007
1.062
1.305
1.494
.817
.906
.65
.725
.592
.167
.474
.229
.519
.236
.396
.285
.709
.273
.026
.184
.077
.115
0
0
.03
.957
.96
1.409
.831
.125
.894
1.025
1.096
.568
.863
1.226
1.338
1.473
1.36
1.231
1.078
.555
1.307
1.436
1.327
1.04
.991
1.095
1.067
1.286
1.054
.808
1.222
1.253
1.161
1.759
1.356
.608
1.346
1.248
.933
.841
.588
.989
1.152
1.225
.888
.538
.563
.595
.787
.829
1.391
1.106
.455
.453
.129
.388
.722
1.21
.923
.141
.008
.509
1.083
1.175
1.286
.607
.766
1.202
.948
.692
1.125
1.249
1.109
1.115
.934
.513
.846
.767
.775
.959
.622
.287
.323
.727
.786
.816
.835
.622
.959
.851
.7
.841
.603
.527
.354
.361
1.033
1.352
1.567
1.473
.795
1.255
1.622
2.354
2.376
2.703
2.697
2.622
2.54
2.853
2.401
2.053
1.884
1.922
1.577
2.383
2.827
2.68
2.929
3.007
2.431
3.747
2.441
2.166
3.069
2.563
3.628
3.266
3.329
3.623
3.593
4.444
3.48
3.71
3.684
3.902
3.84
3.428
3.895
4.338
4.365
4.537
4.268
4.718
4.618
5.048
5.385
5.521
5.711
6.487
5.782
4.665
5.181
5.57
4.705
4.752
5.128
5.817
5.128
5.428
5.868
7.03
6.573
5.347
5.631
6.237
5.652
5.825
5.861
5.606
6.154
6.144
5.509
5.908
5.857
5.854
5.97
5.812
5.72
4.891
4.453
5.231
5.596
5.211
5.351
5.341
5.415
5.217
4.618
5.144
4.022
4.918
5.278
5.431
4.661
3.888
4.298
4.491
4.122
4.189
4.413
4.692
5.243
4.494
4.379
4.231
3.873
3.37
4.813
4.732
5.725
4.898
6.114
5.675
5.456
5.581
5.787
5.678
4.865
5.463
5.979
4.782
5.811
5.699
6.157
6.08
4.779
4.14
5.694
4.848
6.103
5.782
5.713
5.728
4.657
5.406
6.517
5.5
5.728
6.033
5.411
5.075
4.842
4.774
4.901
5.037
4.957
5.502
4.231
5.139
5.768
4.612
5.186
4.005
5.605
8.04
5.898
6.114
8.1
8.22
7.37
6.872
6.803
6.355
6.292
6.726
7.16
6.53
7.09
6.221
7.21
7.02
7.99
6.802
6.957
6.927
5.917
6.694
6.617
6.494
7.54
7.75
7.09
8.08
6.852
7.98
7.42
7.7
7.28
6.324
6.649
7.28
6.775
6.601
6.623
6.46
6.989
6.452
6.657
7.23
7.22
6.977
6.285
6.187
6.459
7.53
7.33
7.98
6.964
6.409
7.29
6.634
7.43
7.43
7.04
5.905
7.06
7.26
7.26
7.29
6.446
6.782
7.2
7.29
7.64
8.25
7.1
8.21
8.7
7.82
7.81
7.94
7.57
7.97
7.52
8.12
8.27
8.09
8.88
8.43
8.1
8.14
6.873
6.799
7.29
8.12
7.75
8.81
8.47
8.03
7.71
8.14
7.67
7.58
8.64
7.52
8.16
7.87
7.63
7.72
7.29
7.66
7.06
7.52
6.785
5.776
6.588
6.873
7
7.2
7.87
7.11
7.06
7.71
8.21
7.49
8.21
7.81
7.7
8.05
7.49
8.14
8.17
8.19
7.85
7.92
8.71
8.17
8.74
9.51
8.26
9.73
9.16
8.13
7.2
8.27
9.13
9.13
8.86
9.18
8.63
7.68
8.02
8.31
7.82
7.2
9.1
7.19
6.74
5.96
6.195
6.903
7.36
7.54
8.46
6.735
6.689
7.1
7.02
6.416
6.377
7.19
6.564
5.698
5.666
5.524
6.166
5.876
6.19
5.633
6.291
5.764
5.542
4.906
4.438
4.414
3.568
4.756
5.273
4.029
4.187
4.142
4.525
4.883
6.719
6.708
6.139
5.986
5.031
5.477
6.375
5.679
7.23
5.94
5.396
5.547
5.078
5.603
4.99
4.459
4.415
4.696
4.201
4.301
3.522
4.132
3.559
3.531
3.977
4.405
4.131
4.352
4.157
3.666
4.204
4.311
3.749
3.561
3.669
3.733
3.779
3.59
3.348
3.185
3.253
3.302
3.2
3.648
3.274
3.096
3.254
3.252
3.451
3.287
3.119
2.737
2.92
2.773
3.174
3.356
3.442
3.273
3.19
3.172
3.209
3.092
2.703
2.688
2.386
2.601
2.338
2.215
2.189
1.993
1.889
1.682
1.903
2.799
2.412
2.166
2.407
2.899
2.787
2.551
3.138
3.056
3.156
3.102
3.247
3.28
3.979
3.062
2.372
2.72
2.704
3.068
2.864
2.765
2.406
2.321
1.954
2.333
2.309
2.727
2.379
2.098
1.796
1.686
1.57
1.514
1.797
1.82
2.351
1.732
1.783
1.992
2.55
2.199
2.412
2.684
2.52
2.748
2.957
2.698
2.922
2.595
2.542
2.808
3.005
3.453
3.393
3.078
2.968
3.133
3.339
3.68
3.872
3.822
4.095
3.849
4.002
4.577
4.706
4.721
4.747
4.56
4.253
4.153
4.634
4.936
5.514
5.57
5.188
5.87
5.21
5.55
5.229
4.658
4.434
4.439
4.398
4.182
3.842
4.842
6.58
7.37
7.02
7.93
9.27
8.82
9.28
8.11
8.14
8.57
8.15
7.36
7.45
7.67
6.279
6.106
6.736
7.49
6.869
6.93
6.948
7.56
7.93
7.45
8.62
7.25
7.35
6.721
7.34
7.15
6.548
8.7
7.88
5.976
5.766
6.049
5.523
5.231
6.401
6.343
6.638
6.195
6.108
6.766
6.69
6.728
6.404
6.663
6.745
7.05
6.295
6.835
7.99
7.54
7.65
8.33
8.85
8.5
9.31
7.62
6.846
7.01
7.55
8.68
8.81
9.5
9.57
9.25
9.49
10.71
10.57
10.25
10.49
10.22
11.15
9.17
11.03
10.29
10.54
10.21
10.23
9.87
10.62
9.51
9.55
9.62
8.52
9.28
8.05
7.94
7.72
7
8.56
7.23
6.832
8.15
8.71
7.55
8.26
8.05
7.12
8.52
8.39
9.65
7.96
7.58
9.32
9.36
8.35
9.69
8.97
8.31
6.969
7.14
9.99
8.92
9.57
8.44
8.74
9.55
10.08
7.22
8.3
7.79
7.5
9.46
7.58
8.44
9.05
8.56
8.11
8.9
9.65
8.85
8.74
7.56
8.3
8.57
9.99
9.23
9.26
9.47
8.65
10.08
9.6
9.36
9.13
9.08
7.77
8.32
7.75
8.01
6.993
6.471
8
7.01
7.4
7.34
6.63
6.854
6.761
6.52
7.53
7.8
6.422
6.15
5.317
5.367
5.509
6.101
6.244
5.166
5.294
5.381
4.73
4.468
3.939
3.508
4.941
4.53
5.332
5.858
5.679
5.41
5.642
5.078
4.496
4.448
4.459
4.223
3.865
3.928
3.554
3.217
4.523
4.086
4.836
6.478
6.231
6.69
6.679
6.768
6.112
5.727
5.175
6.528
6.208
8.37
8.4
8.12
8.07
9.12
7.96
8.35
7.12
7.63
7.44
6.754
5.633
6.101
5.863
6.112
6.324
6.681
6.78
7.63
7.82
7.04
7.12
6.884
6.742
6.903
7.23
5.872
6.158
6.865
6.599
6.399
7.07
6.702
6.991
6.511
6.167
4.656
4.855
4.499
4.604
4.424
4.714
6.259
5.973
5.472
4.851
5.576
5.959
5.515
5.621
5.42
5.66
4.716
4.612
5.179
4.566
4.315
4.576
4.766
4.882
4.442
4.813
4.375
5.16
5.248
5.126
5.258
5.056
4.294
4.97
4.414
4.419
4.362
4.496
3.779
4.314
3.796
3.46
2.812
3.207
2.962
3.6
3.623
3.483
3.425
3.71
3.71
3.225
2.902
2.663
2.878
3.141
2.654
2.582
1.844
1.912
1.988
2.148
2.605
2.943
2.797
2.63
2.852
2.862
2.803
2.898
2.921
2.891
3.512
3.557
3.435
3.509
3.424
3.322
3.236
2.976
2.887
3.15
3.091
3.27
3.334
3.193
3.165
3.391
3.788
3.352
3.096
2.649
2.361
2.709
2.187
2.362
2.353
2.715
2.334
2.52
2.495
2.819
2.296
2.776
2.373
2.666
3.097
3.455
3.2
3.382
2.93
3.421
3.499
3.995
4.003
4.205
3.943
4.131
3.735
4.175
4.246
4.065
4.546
5.166
5.96
5.912
6.271
6.043
6.691
6.646
5.816
5.986
6.759
6.376
6.14
6.906
5.88
5.697
5.781
6.213
6.02
5.472
6.607
6.168
5.605
6.654
6.439
6.359
6.019
6.45
6.703
6.637
6.938
5.942
7.4
7.09
4.961
5.788
6.035
6.571
7.14
6.724
6.761
6.312
7.23
7.12
6.269
7.2
7.06
7.43
5.619
5.381
5.406
5.349
5.007
4.937
4.409
5.238
4.387
4.95
4.409
3.99
5.081
4.404
5.32
4.725
4.682
4.166
6.114
4.045
5.374
4.402
5.537
5.138
5.739
5.122
4.297
4.449
3.813
2.976
3.086
3.067
3.602
3.346
3.583
3.531
3.734
3.333
2.371
3.06
3.616
2.762
3.151
3.068
3.192
3.369
3.401
2.977
2.606
2.522
2.817
3.086
2.886
2.563
2.803
3.208
3.535
3.197
3.761
3.848
3.73
3.589
2.969
2.849
2.904
2.717
2.691
2.818
3.156
3.265
3.17
3.554
3.615
3.431
3.175
3.233
2.774
2.77
3.09
2.957
3.383
3.797
4.012
4.305
4.026
3.83
4.193
4.502
4.909
5.126
4.714
4.604
4.159
4.095
4.129
4.059
3.858
3.708
3.407
3.205
3.225
2.967
3.269
3.745
4.349
4.137
3.91
3.562
3.226
3.27
3.627
3.321
3.275
3.571
4.063
3.881
4.357
4.685
5.061
5.236
4.744
4.259
4.761
4.521
4.425
4.264
4.592
4.221
3.781
4.199
4.528
4.304
4.293
3.685
4.102
4.275
4.468
4.515
3.933
3.699
3.882
4.334
4.042
3.767
3.821
3.624
3.593
3.919
3.459
3.416
3.344
3.442
3.095
2.966
3.026
2.863
3.092
2.821
3.041
2.969
3.021
3.03
3.175
3.343
3.21
3.165
3.288
3.154
3.494
3.614
3.235
3.134
3.08
2.656
2.371
2.337
2.332
2.55
2.741
2.781
2.843
2.88
2.84
2.774
3.013
3.177
3.398
3.114
3.065
2.942
3.041
3.231
3.438
3.148
3.127
3.84
3.56
3.182
2.771
3.039
2.209
2.088
2.303
2.558
2.2
2.422
2.487
2.268
2.112
1.812
1.841
1.825
1.903
1.847
1.953
1.793
1.648
1.809
1.838
2.252
1.537
1.58
1.578
1.103
1.445
1.52
1.321
1.355
1.654
1.446
1.249
1.391
1.098
1.983
1.195
1.324
2.26
2.278
2.114
1.893
2.643
2.321
2.482
2.021
2.148
2.478
1.656
1.332
1.713
2.634
1.436
2.717
2.218
2.845
2.665
2.304
2.944
2.37
2.125
1.666
2.636
2.2
2.004
2.615
1.871
3.446
2.553
2.129
2.409
2.329
1.87
2.115
1.113
2.604
2.214
2.291
3.403
2.04
3.013
3.442
2.858
2.588
3.395
1.887
2.683
3.625
3.758
1.794
3.057
4.14
3.231
2.641
3.128
3.074
3.794
3.034
3.631
2.219
3.648
4.031
3.204
3.861
4.103
3.801
4.99
3.361
3.743
4.355
5.064
4.709
4.593
4.909
5.331
4.538
3.754
4.051
4.344
4.537
4.46
5.057
4.391
4.559
4.654
4.616
3.94
3.462
4.105
3.47
3.293
2.948
2.815
2.842
2.818
3.024
3.075
3.003
3.164
3.062
2.968
3.128
3.129
3.042
2.899
3.102
2.934
2.871
3.057
3.24
3.405
2.965
2.815
2.8
2.788
2.951
2.971
2.615
2.412
2.322
2.566
3.037
3.06
2.961
2.925
2.911
3.14
2.865
2.31
1.389
1.623
2.402
2.526
3.197
2.551
2.623
2.717
2.647
2.673
2.489
2.587
3.159
3.512
3.583
3.553
3.398
3.358
3.216
3.683
3.838
3.382
3.053
3.19
3.037
2.445
2.568
2.872
3
2.952
2.995
3.223
3.324
3.285
3.533
3.709
3.475
