1.932
1.949
1.485
.907
1.593
2.487
2.707
2.888
2.837
3.577
4.015
4.091
3.906
2.82
2.466
2.537
2.538
2.729
3.087
2.806
2.442
2.422
2.556
2.393
3.106
3.307
3.549
4.351
4.013
4.546
3.982
4.011
3.984
4.204
4.126
4.064
3.679
3.729
3.631
3.632
3.527
3.23
3.319
3.492
3.599
3.733
3.473
3.251
3.332
3.231
3.367
4.1
4.738
4.87
4.706
4.341
3.393
3.036
3.071
3.076
2.87
2.817
3.16
2.87
2.773
2.474
2.579
3.063
3.119
3.089
3.063
3.134
3.186
3.133
3.351
3.54
3.754
3.274
3.143
2.982
2.897
2.802
2.887
3.078
3.234
2.965
2.736
3.076
2.671
2.414
2.267
2.198
2.429
2.382
2.89
2.737
2.942
3.644
3.671
4.479
4.405
4.301
4.039
3.743
3.248
3.287
3.805
3.545
3.686
4.24
4.097
3.842
3.769
3.843
4.042
4.535
4.995
5.077
4.757
4.646
4.755
5.438
4.773
4.851
4.18
4.871
5.131
5.601
6.015
6.097
7.03
5.561
6.544
5.182
5.504
6.302
5.6
6.186
5.266
6.043
6.474
5.688
5.558
4.75
5.891
6.394
6.211
6.375
5.578
5.358
5.593
5.333
5.373
5.239
5.659
5.805
6.431
6.355
6.05
6.484
6.791
6.868
6.555
6.017
5.253
5.092
7.3
7.02
7.56
7.04
7.55
6.805
7.06
7.45
7.59
7.13
7.35
6.849
6.264
6.613
6.497
6.993
5.418
7.16
5.946
6.44
5.663
5.753
6.447
5.437
5.925
5.05
5.882
5.538
4.555
4.838
4.86
5.451
5.319
4.583
4.658
3.569
3.23
2.974
3.08
3.411
3.011
2.949
2.809
2.896
2.409
2.148
1.9
1.653
1.874
1.901
1.573
1.557
1.978
1.778
1.996
2.302
2.424
2.444
2.199
2.476
2.445
2.393
2.954
3.39
3.088
3.291
3.388
2.911
2.64
2.773
3.122
3.321
3.267
4.362
4.338
4.047
3.07
4.025
13.46
16.1
15.17
16.16
14.91
13.83
13.07
11.63
11.23
10.14
9.89
9.27
9
7.89
8.02
7.03
6.306
5.882
5.179
5.443
4.479
3.773
4.499
3.299
3.437
4.545
4.015
4.45
5.545
7.06
7.51
5.871
5.127
5.599
4.838
5.144
5.144
5.56
5.032
4.718
4.748
4.832
4.52
4.383
4.274
4.689
4.585
4.966
5.559
5.445
5.862
6.028
5.652
6.663
6.556
6.028
5.79
5.566
5.872
6.135
7.07
6.677
5.892
5.594
5.913
5.649
4.907
5.354
5.207
5.398
5.069
5.703
5.521
5.635
5.699
5.717
5.936
6.006
6.137
6.161
5.631
6.131
6.468
6.81
7.17
6.712
7.59
7.26
7.31
7.01
7.07
7.58
6.907
6.289
6.209
6.188
5.9
5.675
7.51
6.572
6.618
6.265
5.788
5.765
4.965
4.798
4.799
5.04
6.125
6.607
5.448
5.425
5.217
5.29
5.559
4.682
4.835
4.679
4.916
4.701
5.121
5.168
5.465
5.591
5.781
5.492
5.387
5.47
5.098
5.046
5.102
5.27
5.422
6.064
5.82
5.309
5.88
5.854
5.058
4.901
4.484
4.677
4.605
4.134
4.267
4.131
4.497
4.736
4.919
4.748
4.808
4.536
4.729
4.213
4.626
4.415
4.556
4.7
4.636
4.349
4.712
4.075
3.909
3.564
3.865
4.817
5.021
5.05
5.275
5.14
6.25
6.299
6.864
6.368
8.38
8.02
7.52
6.809
7.99
6.075
7.99
6.618
6.698
6.924
7.41
6.777
5.983
6.736
6.839
6.939
6.202
6.032
5.552
5.945
6.569
6.844
7.02
5.93
6.289
6.609
5.616
6.115
5.189
6.079
5.892
5.62
6.566
4.929
4.969
4.524
5.8
5.693
6.072
6.602
5.683
6.741
5.44
5.092
4.945
5.484
5.744
4.88
5.103
4.471
5.857
5.735
6.275
5.602
5.644
6.865
5.943
5.022
5.934
5.85
5.936
5.374
6.027
5.762
5.558
5.227
4.308
4.429
4.936
4.805
6.029
4.875
5.318
5.087
5.406
5.174
4.676
4.231
4.951
5.461
5.289
4.958
4.684
4.359
4.482
4.26
4.572
4.537
4.622
4.392
4.44
4.401
4.434
4.506
4.406
4.274
4.163
4.187
3.71
4.046
3.682
3.807
3.595
3.569
3.227
3.833
3.887
4.204
4.169
4.651
4.773
4.485
4.481
4.289
3.957
4.174
4.137
4.977
4.327
4.636
4.668
4.706
4.959
4.83
4.941
5.377
4.954
4.625
4.687
4.873
4.579
4.449
4.385
4.343
4.07
4.189
4.078
3.938
3.667
3.813
3.906
4.408
4.246
4.179
4.439
4.968
5.452
5.304
4.616
4.706
4.753
4.821
4.706
4.737
4.705
4.277
3.486
3.721
3.708
3.72
3.551
3.756
3.814
4.395
4.315
4.235
3.916
4.163
4.163
4.244
3.859
3.967
4.241
4.383
4.592
5.014
4.639
4.161
4.147
3.704
3.953
3.865
4.281
4.708
4.627
4.726
5.207
4.642
4.494
3.732
3.664
3.876
3.874
4.234
4.943
5.116
5.253
5.997
6.037
6.414
6.329
5.547
5.64
5.74
5.632
4.294
3.628
3.912
3.789
3.682
4.243
4.824
4.81
4.733
4.34
5.186
6.037
5.976
5.642
5.72
5.93
6.298
5.443
5.002
4.916
4.687
4.581
4.073
3.903
3.561
3.476
3.167
3.813
3.953
4.269
3.736
3.243
3.06
2.948
3.169
3.317
3.49
3.454
3.572
3.853
3.476
3.758
3.768
4.221
4.079
3.72
3.861
3.851
4.002
4.33
4.251
4.517
4.49
4.584
4.837
4.37
3.994
4.167
3.618
3.211
3.569
3.616
3.484
3.488
2.898
3.151
2.874
3.179
3.053
2.714
3.233
3.068
3.319
3.464
3.218
3.16
3.944
4.484
4.075
3.769
4.481
3.657
3.859
4.558
3.852
4.153
3.782
3.884
4.233
4.141
4.947
5.046
5.105
4.718
4.186
3.143
3.597
2.388
2.528
2.87
3.013
1.929
2.222
2.041
2.566
2.822
2.099
2.237
2.778
2.588
1.756
3.165
2.698
2.78
2.43
2.763
3.37
3.308
3.352
2.3
2.289
2.793
3.026
3.493
3.64
3.567
3.465
2.66
2.804
3.251
3.987
3.127
3.238
3.069
3.785
3.35
3.888
3.8
4.08
4.159
4.091
3.953
4.398
4.69
4.794
4.093
5.093
5.537
4.802
5.377
5.267
5.101
4.985
5.652
5.28
5.484
5.381
5.524
5.475
4.866
4.663
4.306
3.722
3.718
3.561
3.542
3.361
3.369
3.283
3.339
3.009
2.884
2.957
2.969
2.994
3.092
3.17
3.199
3.215
3.465
3.876
3.886
3.793
3.785
3.883
3.971
3.657
3.889
3.862
3.693
4.331
4.395
5.322
5.995
5.952
5.444
5.052
5.222
4.992
5.385
5.802
6.231
6.154
5.829
5.224
5.11
5.53
5.785
5.31
6.16
5.204
5.017
4.32
5.054
4.645
5.177
4.205
4.548
5.239
4.653
4.336
4.119
5.389
5.08
5.525
4.775
4.774
5.172
5.417
4.673
4.589
4.555
4.277
4.72
4.507
3.724
4.121
4.557
4.634
5.062
4.946
4.713
4.967
5.265
5.033
5.043
4.909
5.56
5.094
5.618
5.5
5.176
4.509
4.808
5.047
4.802
4.514
4.935
4.712
5.34
4.408
5.089
5.336
6.104
5.065
5.224
5.507
5.008
4.621
4.135
4.587
4.558
3.839
4.514
4.483
4.303
4.415
4.375
5.261
5.328
4.931
4.72
4.932
4.826
4.911
5.032
5.05
4.204
4.238
4.393
4.109
4.247
4
4.128
3.934
3.762
4.428
4.506
4.736
4.036
3.746
4.47
4.048
4.43
4.272
4.645
4.368
4.247
4.637
3.376
3.577
3.821
4.26
4.552
4.503
4.658
4.369
4.094
4.229
4.062
3.531
3.095
3.234
3.462
4.564
3.84
4.238
3.246
3.4
3.141
2.97
3.145
2.734
3.218
3.175
2.96
3.545
3.518
3.415
3.432
2.915
3.268
2.997
2.226
2.442
2.625
2.101
2.297
2.772
3.162
2.618
2.476
2.413
2.209
2.324
1.938
1.839
.801
.889
2.394
3.734
3.272
2.416
2.123
1.898
2.43
1.782
2.881
2.4
2.738
2.695
2.322
2.349
1.581
2.192
2.337
2.552
2.576
2.145
3
3.452
2.501
2.527
3.095
3.087
3.26
3.454
3.486
2.785
3.037
3.411
2.617
3.623
3.014
3.259
2.725
2.866
3.047
2.69
3.54
3.499
2.675
3.057
3.135
2.883
3.259
2.359
3.163
3.151
3.105
3.132
1.777
3.186
3.197
3.156
3.211
3.73
3.401
3.62
4.038
3.9
3.516
3.748
3.979
3.772
4.034
4.004
4.501
4.282
3.324
3.777
3.977
3.691
3.299
3.727
3.295
3.348
2.431
3.499
3.25
3.2
3.455
3.315
3.05
3.494
3.455
3.549
3.739
3.96
3.743
3.926
3.683
3.439
3.764
3.283
3.11
3.294
3.223
2.91
2.643
2.673
2.787
3.275
3.722
3.877
3.451
3.796
4.099
4.164
4.131
3.988
4.216
3.69
3.551
3.848
4
3.714
4.139
4.49
4.273
4.556
4.572
4.891
4.671
4.964
5.195
4.986
4.986
5.247
5.046
4.665
5.146
4.189
3.461
2.715
3.367
3.204
3.633
3.948
3.614
3.504
4.499
5.157
5.295
4.876
4.479
3.727
3.426
3.824
4.039
3.899
3.896
3.747
3.513
3.104
3.396
3.734
3.976
3.833
4.088
3.522
3.053
2.932
3.02
2.992
3.475
3.243
3.201
2.779
2.555
2.467
2.976
2.908
2.653
2.571
2.492
3.086
3.181
3.896
4.194
4.002
3.917
3.965
3.831
4.31
4.235
4.461
4.986
5.141
4.934
5.087
5.57
5.891
5.688
5.713
6.31
6.203
6.384
6.235
5.838
6.128
6.18
5.466
5.441
5.969
5.442
5.061
5.1
4.313
4.396
4.127
4.441
4.271
3.904
3.878
3.658
3.928
3.911
3.841
3.73
3.413
3.678
4.077
4.133
3.938
3.861
4.082
4.101
4.232
4.007
3.71
3.634
3.327
3.426
3.527
3.442
3.215
3.559
3.529
3.342
2.909
2.371
4.432
5.101
5.31
5.154
5.838
6.43
6.233
5.633
6.113
6.637
5.167
4.575
5.22
4.771
5.349
5.337
5.583
4.24
3.908
4.749
4.92
4.663
5.582
5.267
5.143
5.727
5.324
5.756
5.702
5.579
6.955
6.656
6.919
7.02
7.14
6.184
6.054
5.881
5.825
6.441
6.842
5.757
6.234
6.697
6.14
6.62
6.456
6.238
6.126
5.806
6.152
6.714
6.35
7.27
7.15
6.637
5.725
6.35
7.73
7.22
6.351
7.5
7.62
7.62
6.818
6.589
6.607
6.65
5.873
6.495
6.121
7.17
6.504
6.776
6.568
6.283
6.269
6.013
5.816
6.058
6.582
6.664
6.574
6.438
6.209
6.916
6.195
6.558
6.591
6.768
6.859
5.914
5.911
6.524
6.574
6.781
7.68
7.54
8.07
6.923
7.72
7.47
6.844
7.58
6.794
6.593
7.93
7.2
7.18
7.05
7.06
7.14
7.52
7.37
6.823
7.79
7.23
7.38
7.68
7.52
7.2
7.1
7.69
8.31
8.09
8.28
8.25
8.05
8.25
8.1
7.35
7.67
7.98
7.61
7.6
7.06
7.93
6.187
6.75
6.926
7.54
7.05
7.73
7.71
7.46
7.46
6.952
7.99
7.3
7.6
6.796
5.769
6.369
6.748
6.929
6.304
6.805
5.913
6.155
6.472
6.358
6.482
6.585
6.741
5.949
6.1
5.758
4.913
5.017
5.365
5.136
5.071
5.368
4.817
4.68
4.461
5.214
6.03
6.813
6.57
6.789
6.066
6.326
6.714
6.347
6.572
6.744
6.363
6.256
6.386
5.645
5.46
4.457
5.128
5.468
5.625
7.08
7.4
6.201
6.077
5.833
6.784
5.702
7.02
6.449
6.478
6.225
7.15
7.27
6.732
5.935
5.505
5.408
5.857
5.227
6.774
7.08
7.15
6.646
6.052
6.335
6.386
6.101
6.061
6.053
5.965
6.284
6.052
6.476
6.097
5.622
5.954
5.344
6.922
6.235
5.989
6.397
6.282
5.927
6.013
5.52
6.227
6.708
6.175
6.099
6.009
5.932
5.13
4.127
3.904
5.183
5.241
5.254
4.753
5.23
4.675
5.291
5.334
4.564
5.012
4.987
5.312
5.31
4.357
4.347
5.134
5.84
5.344
5.439
4.989
5
4.549
3.573
3.151
3.359
3.366
3.927
3.288
3.414
3.94
3.231
3.69
3.885
3.578
3.214
3.452
3.471
2.839
3.027
2.923
2.539
3.217
3.029
2.928
2.505
2.783
2.892
2.671
2.204
2.281
2.681
2.395
2.915
2.472
2.423
2.697
2.75
2.795
2.087
2.215
2.169
2.619
2.531
2.09
2.189
2.459
2.697
2.922
3.24
2.63
3.455
3.37
3.788
4.403
4.252
4.356
4.368
4.435
4.71
4.927
4.439
5.185
4.86
4.91
5.053
4.876
4.807
4.813
5.496
5.218
5.434
5.588
4.311
5.767
4.792
5.228
5.76
5.998
4.671
5.738
4.813
5.042
4.067
5.544
5.198
4.604
4.89
4.865
4.919
5.156
4.648
4.033
3.116
4.262
4.029
4.348
4.278
5.091
4.759
4.413
4.461
4.535
4.996
4.818
5.193
4.99
5.313
4.72
5.362
4.484
5.022
5.792
4.743
4.797
4.861
5.627
4.935
5.952
5.303
6.038
5.472
5.307
5.881
5.628
5.392
5.583
5.045
5.435
4.795
4.553
5.095
5.562
5.137
6.075
5.453
5.145
4.735
5.121
5.181
6.434
5.826
5.901
4.717
4.38
5.165
5.786
5.523
4.575
3.475
3.535
4.571
4.64
5.286
5.32
4.388
4.263
5.127
3.956
4.063
3.855
3.841
3.263
2.696
2.631
2.582
2.595
2.275
2.15
2.238
2.304
2.237
1.932
1.855
1.66
1.989
1.713
1.455
1.592
1.459
1.64
1.629
1.59
2.182
1.865
1.861
1.772
1.803
2.041
1.883
1.962
2.171
1.543
1.271
1.501
1.418
1.278
1.139
.916
.861
.927
1.023
.877
1.257
1.335
1.294
1.222
1.032
.74
.522
.68
1.019
1.281
1.195
.958
.866
.803
.915
.764
.959
1.385
1.62
1.547
2.007
2.309
2.395
2.496
2.049
1.911
1.592
1.408
1.347
1.138
1.071
.742
.499
.629
.875
1.121
1.465
1.373
1.039
.698
.02
.019
.267
.185
.341
.587
.482
.436
2.22
2.531
2.46
1.967
1.883
.563
1.205
1.972
2.658
1.952
1.763
1.631
1.227
.44
.459
.664
1.789
1.725
1.7
1.929
2.134
1.913
1.762
1.661
1.618
1.596
1.792
1.62
1.834
2.511
2.015
1.665
1.225
1.677
1.78
1.608
1.872
2.265
2.158
2.46
2.348
2.112
1.73
2.104
2.663
2.611
1.95
2.081
2.973
2.998
3.079
2.917
3.013
3.012
3.032
3.148
2.974
3.102
3.139
2.839
3.388
2.724
2.541
2.183
2.017
1.96
1.379
1.657
2.171
2.632
2.669
2.726
2.567
2.214
1.945
2.546
2.984
3.277
2.835
2.477
2.716
3.058
3.052
3.081
3.415
4.26
4.147
3.745
3.714
3.763
3.244
2.537
2.386
3.633
3.419
3.217
3.41
3.128
2.886
3.065
3.039
2.436
2.688
2.05
2.176
2.049
2.97
2.637
3.121
2.606
2.908
3.292
3.179
3.537
2.617
3.765
2.981
2.954
2.756
2.971
2.39
2.768
1.928
2.364
1.763
1.581
1.941
2.582
2.325
1.982
1.301
2.971
2.579
1.8
2.41
2.134
2.552
2.322
2.758
2.247
3.103
2.474
2.59
3.654
3.097
2.895
2.871
2.507
2.838
3.312
2.907
3.389
2.506
3.711
2.992
2.65
3.224
3.62
2.037
3.37
3.307
3.684
2.982
3.144
3.822
4.215
4.203
3.909
3.567
3.21
4.764
3.729
4.145
4.094
3.546
4.046
4.282
3.821
3.847
3.754
4.425
3.908
4.772
4.157
4.478
4.05
4.102
4.227
3.87
4.44
4.422
4.222
4.913
4.671
3.668
3.969
4.11
3.575
3.345
3.193
2.898
2.543
2.248
1.991
2.063
1.896
1.709
1.787
2
1.958
2.092
2.124
1.872
1.934
2.088
2.067
2.092
2.423
2.544
2.593
2.483
2.417
2.77
2.669
2.624
2.218
2.138
2.666
2.743
2.829
2.704
2.426
2.461
2.817
3.147
2.912
3.279
2.761
3.034
3.168
3.22
3.18
3.216
3.19
3.032
2.681
2.595
2.621
3.505
3.204
3.313
3.326
3.003
2.97
3.163
2.646
3.244
3.078
3.344
3.602
3.482
3.752
3.684
4.05
4.057
4.452
4.464
4.605
4.99
4.874
5.173
5.023
4.434
4.557
5.031
4.94
4.584
4.508
4.441
4.356
4.39
4.539
4.275
4.297
4.543
4.629
4.072
3.879
3.638
3.518
3.669
3.514
3.431
3.302
2.942
2.644
2.462
2.208
2.491
2.359
2.278
2.618
2.853
2.674
2.706
2.618
2.455
2.387
2.36
2.324
2.507
2.467
2.439
2.618
3.112
2.979
2.867
2.63
2.17
1.527
2.015
2.686
2.813
2.946
3.079
3.053
3.633
4.071
4.585
4.833
5.596
6.034
6.425
6.292
6.664
6.541
6.816
6.092
6.972
7.28
8.26
7.46
7.04
7.26
6.655
6.437
6.378
6.147
6.505
6.068
6.792
5.995
5.887
5.836
5.928
5.717
5.363
5.369
5.557
5.524
5.661
5.656
5.424
5.26
5.12
4.514
4.442
4.327
4.038
4.071
4.156
4.154
4.026
4.489
4.324
4.221
4.492
4.351
4.77
4.268
4.973
4.924
4.916
5.644
5.419
5.696
5.324
4.97
4.441
3.961
3.734
3.758
4.149
3.674
3.514
3.271
3.606
3.376
3.444
3.671
3.58
3.956
4.169
4.186
3.916
4.041
4.219
4.781
4.724
4.243
4.201
4.166
4.416
4.727
4.409
3.857
4.754
4.104
4.344
4.447
5.269
4.892
5.228
5.577
6.203
6.769
6.244
5.977
5.335
5.918
5.702
4.391
4.549
4.923
4.983
4.649
4.959
5.011
5.024
4.721
4.49
5.255
4.647
4.846
5.623
4.731
5.471
5.475
5.648
5.84
4.503
5.041
5.899
4.851
5.954
6.162
5.611
5.248
5.695
5.453
5.853
5.508
5.685
6.02
6.418
6.003
6.701
6.052
6.328
6.967
7.19
6.469
6.619
6.855
6.097
5.997
6.269
6.169
6.803
6.845
5.989
4.968
4.762
4.516
4.538
4.472
4.241
4.184
3.54
3.215
3.02
2.882
3.11
2.695
2.064
2.128
1.513
1.595
1.433
1.161
1.381
1.854
1.757
1.854
1.732
2.507
1.866
.812
2.408
2.539
2.152
3.257
4.493
4.559
4.034
3.631
4.159
3.819
3.564
4.722
5.168
4.782
5.303
5.077
5.509
5.32
5.01
4.746
5.136
4.831
5.172
5.427
5.465
5.765
5.595
5.847
6.272
5.637
5.795
5.778
5.579
5.447
5.457
5.374
5.25
4.977
4.43
4.53
4.558
4.986
4.409
4.011
4.005
3.032
3.417
3.913
4.913
4.646
4.261
4.011
3.794
3.917
4.29
4.101
4.01
4.672
4.494
4.142
3.721
3.209
3.918
4.019
3.252
2.499
2.19
2.035
2.318
2.497
2.621
2.2
2.373
3.039
3.073
2.639
2.748
2.923
2.93
2.559
2.685
2.881
2.852
2.809
2.75
3.264
3.937
4.457
4.052
4.182
3.703
3.586
3.476
3.835
4.014
3.508
3.559
3.46
3.737
3.789
3.828
3.418
2.965
3.296
3.116
2.794
2.816
2.864
3.911
4.107
3.976
4.652
4.217
4.087
3.756
3.489
3.269
3.053
2.771
2.418
2.468
2.968
2.945
2.882
2.782
3.622
3.786
4.123
3.912
4.377
4.046
3.663
3.769
3.907
3.363
3.487
3.252
3.055
2.702
2.024
2.265
3.182
3.405
3.742
3.681
3.876
4.341
4.41
4.363
4.204
3.923
3.841
3.566
3.784
3.449
3.044
2.737
3.129
4.577
5.279
5.157
5.166
4.743
4.725
4.973
4.674
5.27
4.673
5.61
4.82
5.682
5.497
5.776
6.171
5.715
6.455
5.589
5.874
5.962
5.962
5.651
5.522
5.562
5.698
5.96
5.867
5.603
5.314
6.151
5.937
6.129
6.29
5.571
5.789
6.103
6.362
6.378
6.084
5.831
6.188
5.686
5.169
6.264
5.997
5.906
6.072
5.637
5.957
6.167
6.425
6.33
5.604
5.782
5.911
5.3
6.647
6.212
6.165
6.566
6.098
7
6.666
6.142
7.01
7.14
6.888
7.32
6.331
6.476
7.27
6.102
6.599
6.764
6.261
6.429
6.795
4.884
6.696
5.807
5.914
6.691
6.076
7.26
7.49
7.79
7.26
6.947
6.245
6.408
7.02
7.64
7.62
7.69
7.77
6.186
6.047
5.55
4.866
4.47
4.354
3.927
3.574
3.413
3.136
2.906
3.391
4.083
4.513
4.314
4.682
4.717
4.447
4.123
4.318
4.515
5.306
5.588
5.61
5.235
5.684
6.414
6.503
7.1
7.53
7.03
7.14
6.915
6.409
6.137
6.289
5.859
6.203
5.872
5.796
5.852
5.78
5.993
6.322
5.588
5.453
5.392
5.425
5.851
6.157
6.254
5.711
5.69
5.714
5.489
5.507
5.189
5.785
5.528
5.276
4.863
5.093
5.311
5.058
5.357
6.167
5.841
6.042
6.138
6.351
6.292
6.819
6.613
6.06
6.075
5.827
5.625
6.49
6.656
6.227
7.1
7.27
6.92
6.151
7.51
7.05
7.1
7.07
6.502
6.525
6.76
6.422
6.172
6.389
6.22
6.045
6.802
6.527
7.35
7.21
6.905
7.37
7.41
7.12
6.858
6.044
6.406
5.794
6.224
5.585
5.799
5.33
5.131
5.076
5.164
5.625
4.889
4.413
4.456
4.54
4.359
4.727
4.931
4.655
4.87
4.739
4.321
3.888
4.125
3.659
3.921
3.258
3.212
3.546
3.897
3.908
3.709
4.061
3.856
3.783
3.891
4.476
4.579
4.34
4.465
4.454
4.708
4.579
4.703
4.8
4.74
4.337
3.989
4.008
4.209
3.908
4.003
4.278
4.731
4.506
4.775
5.089
5.056
4.771
5.026
5.3
4.88
4.691
4.744
4.497
4.405
4.467
4.32
4.036
4.046
3.995
4.512
4.341
4.215
3.876
3.644
3.726
3.384
3.826
3.689
3.75
4.041
3.958
3.759
3.42
3.533
3.6
3.564
3.138
3.52
4.105
3.827
4.259
4.505
4.867
4.094
3.659
3.651
3.001
3.599
4.112
4.379
4.747
4.661
4.744
5.35
5.107
5.002
4.325
3.324
4.213
4.003
4.251
4.299
3.949
3.673
3.813
4.083
3.497
3.993
4.346
3.939
3.776
3.99
3.069
3.311
3.884
3.983
3.727
2.873
3.149
2.286
2.58
2.703
2.974
3.254
3.904
4.004
3.12
2.716
3.383
3.474
2.659
3.085
2.691
2.484
2.748
2.398
1.982
3.243
2.763
3.594
3.069
3.353
3.776
4.249
3.912
2.985
4.338
3.193
3.484
3.245
4.232
3.53
4.151
3.528
4.184
3.891
4.396
4.425
4.133
4.324
4.769
4.593
4.981
5.088
4.184
3.917
3.958
5.21
4.874
4.665
5.173
4.267
3.856
3.353
3.043
2.965
3.269
3.284
3.326
3.188
2.885
2.35
2.749
2.987
3.04
3.185
3.259
3.257
3.307
2.972
2.426
2.401
2.311
2.532
2.252
2.899
3.507
2.935
4.161
4.534
3.082
2.514
2.808
2.597
3.027
3.223
3.099
2.813
3.019
3.287
3.169
3.006
2.442
2.701
3.013
3.362
3.739
3.773
3.39
3.158
3.089
3.3
3.394
3.123
3.905
3.238
2.617
3.316
4.274
3.255
3.336
3.852
3.498
3.455
3.952
3.217
2.959
3.086
3.109
3.024
3.06
3.182
2.942
2.151
2.519
2.439
2.782
3.761
2.664
2.016
2.542
2.492
2.956
2.958
3.03
3.611
3.505
3.651
3.043
3.449
3.287
2.997
2.75
2.781
2.461
2.74
2.904
3.317
3.161
3.335
3.506
3.415
4.308
5.337
5.266
4.669
4.655
4.245
4.109
3.463
3.099
4.03
4.182
4.36
4.866
4.861
4.811
4.731
4.571
4.009
3.599
3.472
3.885
3.752
3.152
3.376
3.362
3.193
3.906
3.803
3.677
4.138
4.881
4.637
4.216
4.111
3.998
4.046
4.361
4.749
4.557
4.843
4.612
4.303
3.703
3.533
3.259
3.905
4.108
3.977
4.167
4.131
3.751
3.728
3.695
3.715
3.357
3.4
3.343
3.751
3.844
4.208
4.185
4.502
5.207
6.162
6.041
5.442
5.21
4.967
4.806
5.541
6.041
5.65
5.397
4.986
4.947
5.137
5.082
4.828
4.825
4.631
4.565
4.488
4.483
5.163
4.565
4.713
4.64
4.348
4.131
4.211
4.203
5.085
4.616
4.376
5.036
5.3
5.005
5.42
5.979
5.888
6.07
6.733
7.56
6.816
7.13
6.45
6.917
8.6
8.47
7.56
9.48
9.46
9.95
10.09
9.6
9.07
10.12
10.33
10.14
10.08
10.15
9.57
10.36
9.84
10.05
9.28
9.74
8.83
9.75
10.75
8.56
9.73
9.61
11.07
10.8
10.51
9.77
9.71
10.17
9.77
10.27
9.98
10.36
9.05
10.73
9.84
10.03
9.15
9.22
9.64
9.95
10.45
8.38
9.46
9.72
8.97
8.85
9.36
9.68
9.46
9.92
9.91
8.73
9.86
8.92
10.27
9.37
9.76
9.07
9.8
9.29
8.24
8.64
8.91
9.57
8.46
8.65
8.94
8.73
8.91
7.4
7.4
6.834
7.39
7.6
7.74
6.484
7.08
8.58
8.68
7.69
9.38
7.64
7.12
7.1
6.479
5.761
5.13
4.429
5.875
7.38
6.72
6.72
6.636
6.567
6.946
6.235
6.071
5.916
5.844
5.94
5.876
5.186
4.69
4.596
4.362
3.925
4.063
4.219
4.49
4.71
5.155
6.14
5.621
5.316
4.68
4.802
4.57
4.602
4.746
4.817
5.084
5.035
4.517
4.479
4.491
4.196
4.544
4.441
4.491
5.053
5.471
5.599
5.423
5.649
5.359
5.496
5.834
5.819
5.822
5.686
5.702
5.251
5.387
5.01
4.79
4.592
4.917
4.915
4.715
4.294
4.431
4.555
4.131
4.664
5.209
5.301
5.131
4.748
5.267
5.762
5.474
5.312
5.339
4.999
4.814
4.493
3.651
3.806
3.829
3.693
4.108
3.611
2.647
2.273
2.723
3.642
3.634
3.252
3.906
4.167
4.25
4.265
4.498
4.692
4.975
4.856
4.913
5.025
5.222
5.024
4.28
4.2
4.284
4.298
4.332
4.047
4.193
4.049
3.975
3.589
3.1
3.532
3.697
3.679
3.464
3.428
3.474
3.479
3.62
3.685
3.886
4.093
4.039
3.717
3.476
3.863
3.991
3.991
4.064
3.882
3.9
3.855
4.031
4.162
4.042
3.851
3.87
3.962
3.721
3.823
3.598
3.808
3.791
3.953
3.615
3.136
3.375
3.319
3.361
3.412
3.459
2.798
2.214
2.36
1.887
2.314
2.551
2.853
3.242
2.83
2.993
2.891
2.831
2.741
2.73
2.621
2.221
1.887
2.902
2.781
3.302
2.955
2.535
2.849
1.893
1.866
1.417
1.908
2.291
2.176
1.973
2.235
2.537
2.674
1.784
1.728
2.064
2.551
2.532
2.724
2.864
2.153
2.255
2.869
2.383
2.548
3.887
3.683
3.7
3.872
3.745
3.106
3.763
3.084
2.943
2.85
2.739
2.117
3.11
2.973
2.267
2.174
2.648
2.351
2.607
3.214
3.462
2.536
2.458
2.189
3.346
5.048
4.699
4.085
3.909
3.324
2.992
2.991
2.701
2.823
2.413
2.45
2.903
3.147
2.836
2.655
2.736
3.032
2.656
2.48
2.831
2.246
2.77
2.393
3.195
2.93
2.47
2.921
2.657
2.021
1.897
2.529
2.593
2.267
2.893
3.253
3.168
2.728
3.113
3.564
2.442
2.38
2.818
2.247
2.931
3.108
3.094
3.6
4.097
2.671
2.991
3.227
2.339
2.094
2.965
3.131
2.862
2.646
3.679
3.578
4.125
3.76
3.595
3.265
2.679
2.812
3.052
3.134
3.294
3.105
3.132
3.069
3.269
3.136
3.068
2.644
2.659
2.755
3.041
3.34
3.682
4.212
4.809
5.543
5.505
6.9
6.706
5.918
6.116
5.009
5.049
5.223
5.455
5.26
5.724
5.233
5.817
5.574
5.874
4.887
5.568
5.422
6.251
6.351
6.515
5.61
5.271
5.336
5.179
5.534
4.872
4.512
4.241
4.286
4.004
4.424
4.053
3.866
4.144
4.241
3.389
4.059
4.039
4.917
4.231
3.548
3.89
3.843
3.585
3.921
4.318
4.101
3.89
4.338
5.007
4.337
4.855
4.802
4.46
5.235
4.98
4.78
5.62
5.827
5.381
5.649
4.671
5.629
4.761
6.032
5.8
5.537
5.589
4.683
5.887
5.486
5.5
5.834
5.323
4.852
5.371
6.286
5.918
5.061
4.359
5.713
5.759
5.682
5.099
5.471
5.467
5.243
5.784
6.039
5.683
5.688
5.917
6.3
6.09
6.547
5.875
6.343
5.879
6.106
5.94
5.887
5.557
5.218
5.309
5.524
5.578
5.36
5.789
5.271
5.055
5.872
5.588
5.352
5.71
4.599
5.291
5.394
6.069
5.869
5.343
5.47
5.592
5.385
5.513
5.423
6.445
5.655
5.479
6.166
5.373
4.472
5.888
5.578
6.797
6.114
4.67
5.492
4.819
5.213
5.262
5.498
5.551
4.623
4.605
5.661
4.499
4.4
5.274
5.244
4.933
5.181
5.418
4.577
5.869
5.944
5.231
5.227
5.054
5.289
4.983
6.041
5.812
5.703
6.041
5.826
6.144
5.398
5.28
5.801
4.917
5.379
5.09
5.166
4.501
4.373
4.042
5.071
4.802
5.123
5.175
5.684
5.245
5.861
5.61
4.831
6.193
6.056
6.118
5.881
6.093
6.049
5.512
5.289
5.2
5.497
5.299
5.873
5.292
5.174
5.243
5.932
5.373
6.047
5.402
4.871
4.439
4.773
4.796
5.594
5.231
5.754
5.048
4.971
4.53
5.217
5.035
4.962
5.57
5.288
5.844
6.049
5.53
5.303
5.645
5.363
5.3
5.264
5.538
5.319
5.1
4.639
4.815
4.95
5.583
5.067
4.957
4.633
5.032
5.338
5.509
5.294
4.708
4.525
5.229
4.969
4.715
5.107
4.277
5.538
4.187
4.176
5.009
5.405
4.848
5.154
4.368
4.44
5.058
5.295
4.472
4.805
4.354
4.913
4.652
4.738
4.642
4.85
5.225
4.577
4.599
4.32
4.37
4.64
5.302
5.099
4.353
4.042
4.198
4.653
5.094
4.73
5.019
5.254
5.267
5.608
4.354
5.171
4.975
5.234
5.193
4.908
4.777
4.266
5.347
4.808
4.533
4.066
3.956
3.9
3.88
4.033
4.231
4.572
4.462
4.157
4.317
4.694
4.863
4.653
4.363
4.931
5.129
4.552
4.69
4.808
4.828
4.613
4.043
4.662
4.576
4.828
4.873
4.405
4.102
4.094
3.807
3.572
4.604
4.071
3.655
3.674
3.637
4.063
4.285
4.81
4.432
3.732
3.756
3.064
3.368
3.589
3.128
2.713
2.989
3.526
2.971
3.16
3.403
3.255
3.221
3.779
3.575
3.297
2.749
3.456
3.831
3.281
3.328
3.236
3.647
2.845
3.57
3.624
3.477
2.136
2.822
2.765
3.427
2.852
3.292
3.888
3.524
3.775
3.567
3.182
3.388
3.813
3.132
3.39
3.739
4.125
3.877
3.416
3.032
3.828
3.921
3.051
3.589
3.113
2.822
2.9
4.015
3.835
3.727
3.605
3.825
3.147
3.583
3.979
3.38
3.021
3.382
3.628
4.104
3.608
3.615
3.403
3.832
4.092
3.342
3.344
3.076
3.115
3.378
2.916
3.25
3.436
3.425
3.696
3.84
3.535
3.076
3.54
3.544
4.063
4.102
3.936
4.003
2.819
3.829
3.4
4.007
4.265
3.989
3.56
4.878
4.363
4.594
4.665
4.134
4.262
5.069
4.304
3.173
3.9
3.881
4.012
3.463
2.393
3.233
3.672
3.453
3.436
3.394
2.727
1.707
2.301
2.32
2.351
2.694
3.08
3.047
2.847
2.945
2.953
2.337
2.986
3.207
3.437
3.401
3.491
3.08
3.552
3.481
3.97
3.53
3.657
3.518
3.137
3.456
3.39
3.267
3.742
3.838
3.122
3.732
4.389
4.254
3.813
4.3
2.954
2.654
1.651
1.944
2.67
2.357
3.523
4.022
4.082
3.798
3.758
2.862
1.837
1.643
1.18
2.392
3.182
3.049
2.859
2.668
3.061
3.418
3.346
3.564
3.834
3.591
3.671
3.555
4.003
3.547
3.429
3.942
3.748
4.057
3.766
4.345
3.661
4.095
4.007
3.89
3.84
3.848
4.365
3.832
4.491
4.076
3.925
3.99
4.369
4.78
3.91
4.663
4.839
4.606
4.504
4.704
4.565
4.945
4.696
4.492
4.517
5.087
4.694
4.577
4.204
4.91
5.211
5.31
4.702
3.996
5.053
4.935
5.161
4.679
4.858
5.447
4.951
5.075
5.501
4.996
4.442
4.811
5.052
5.38
4.744
4.854
5.369
5.136
4.719
4.676
4.308
4.645
5.044
4.939
5.091
3.759
3.773
3.572
3.859
4.888
4.649
4.369
4.323
4.342
3.845
3.18
4.364
4.43
4.319
4.213
4.192
4.932
4.666
3.863
4.231
3.581
3.482
4.267
4.308
4.232
4.319
3.35
4.066
3.81
3.262
3.526
3.284
2.709
2.626
2.075
2.241
2.246
2.769
2.634
2.616
2.551
3.081
3.615
4.158
3.957
4.494
4.152
4.187
4.342
5.076
5.554
5.177
5.527
5.198
5.28
5.599
5.939
6.543
7.81
6.782
6.655
7.02
6.7
8.51
7.2
7.68
7.93
7.88
6.868
7.09
6.821
6.785
5.497
6.38
5.016
4.457
4.435
4.617
4.243
3.479
4.329
3.999
3.577
6.315
6.135
4.401
3.609
2.168
1.702
1.736
1.277
1.648
1.638
2.475
2.242
2.575
2.224
4
5.436
5.702
4.992
6.038
5.613
5.49
7.12
6.782
5.534
3.24
1.281
1.447
2.288
3.323
3.965
2.656
2.187
3.266
3.721
4.755
4.828
5.316
5.069
4.725
5.17
4.965
5.564
5.363
6.028
6.377
5.962
4.988
5.194
4.613
5.392
4.739
5.026
4.097
4.809
5.987
4.468
5.104
5.12
4.344
4.348
3.897
4.011
4.564
4.296
4.466
4.009
4.13
3.572
4.535
5.308
5.004
3.833
4.104
4.206
4.386
4.38
5.136
5.043
4.976
4.763
4.685
4.883
4.227
4.648
4.424
4.938
5.083
4.731
4.445
5.14
4.549
4.837
4.882
5.111
4.693
5.119
4.471
3.716
4.929
5.453
6.249
5.651
4.688
4.146
5.129
5.065
8.39
5.145
3.735
2.9
4.199
3.957
4.109
3.997
3.677
3.759
3.186
4.163
4.864
5.029
4.784
4.556
4.856
4.46
4.56
4.922
4.928
4.516
3.358
3.215
3.02
1.614
2.263
4.549
2.414
2.097
3.127
4.17
3.92
3.769
3.616
3.812
4.616
3.793
3.74
3.301
3.757
4.568
4.202
4.654
4.697
4.825
4.72
4.22
3.304
2.913
4.028
2.715
3.8
2.765
1.065
.885
.609
1.072
1.826
3.013
4.109
4.326
3.188
2.076
2.84
3.09
2.228
1.333
.534
.642
.42
.098
.289
.128
1.064
1.699
1.659
.996
.821
.885
2.66
2.437
2.883
2.448
1.996
1.977
2.313
2.326
2.654
2.456
1.954
2.532
3.14
4.282
4.778
5.197
5.037
4.578
4.246
4.359
4.415
3.899
3.863
4.127
3.973
4.106
4.132
4.011
3.68
4.394
4.527
5.363
5.21
5.355
5.967
5.802
5.546
5.206
5.464
5.05
4.792
5.167
5.497
5.173
4.437
4.308
4.417
3.965
4.266
4.182
4.33
4.29
4.117
4.054
3.391
3.515
3.581
4.138
4.469
4.664
4.715
4.392
4.344
4.538
4.777
4.349
4.496
4.453
3.807
4.077
4.131
4.516
4.757
4.608
4.003
4.177
3.954
3.829
3.992
4.474
4.134
4.317
4.357
4.257
4.231
4.357
4.236
4.263
4.228
4.36
4.386
4.297
4.159
4.058
3.792
3.43
3.544
3.081
3.194
3.272
3.544
3.632
3.74
3.912
3.62
3.627
3.073
2.798
2.72
2.295
1.512
2.005
2.444
2.729
2.895
2.827
2.594
3.042
3.341
3.585
3.673
3.496
3.595
3.226
3.296
3.274
3.52
3.3
3.168
3.012
2.657
2.42
2.329
2.348
2.188
2.246
2.463
2.075
2.272
2.389
2.36
2.342
2.23
1.908
2.201
2.129
2.301
2.975
3.137
3.322
3.092
2.815
2.501
2.543
2.237
2.258
2.755
2.54
2.995
3.071
2.777
2.599
2.495
1.819
1.229
1.027
1.498
1.833
1.769
1.707
3.1
2.13
2.033
2.049
.867
1.075
1.389
1.961
2.552
2.765
3.181
3.423
3.823
3.757
3.012
2.932
2.717
3.284
2.547
1.867
1.824
1.607
2.205
1.635
2.336
2.508
2.095
2.473
3.231
3.753
3.275
2.899
3.625
3.234
2.672
3.055
3.161
3.057
3.158
3.433
3.808
4.185
3.404
4.194
4.534
4.061
3.672
4.525
3.907
4.444
4.462
4.432
3.498
4.501
3.592
4.011
3.841
3.44
3.697
3.701
3.207
2.964
3.297
3.951
4.006
3.705
4.041
4.545
4.198
4.76
4.838
4.877
4.923
4.536
4.099
5.124
4.75
3.567
2.819
3.005
2.692
3.687
3.547
3.84
2.764
2.621
2.451
3.309
2.717
3.061
2.768
2.778
2.779
2.438
2.161
2.646
2.49
1.98
1.552
1.123
1.786
2
1.666
1.914
2.01
1.501
.941
.651
.279
.869
1.331
1.38
1.592
1.476
1.315
1.349
1.458
1.307
1.374
1.632
1.705
1.907
1.799
1.858
1.804
1.577
1.797
1.968
1.851
1.533
1.971
1.93
1.762
1.92
1.845
1.941
1.872
1.812
1.322
1.076
1.35
1.493
1.973
2.403
2.448
2.407
2.577
2.47
2.317
2.864
2.667
2.604
2.685
2.738
2.865
3.019
2.919
2.622
2.791
2.657
2.627
3.177
4.079
4.121
5.438
6.185
5.542
5.833
5.663
5.687
5.729
5.984
5.274
5.111
5.499
5.78
5.879
5.084
4.451
4.708
4.792
4.367
3.947
3.93
4.216
4.315
4.276
4.106
3.654
3.754
3.78
3.613
4.015
3.856
3.831
3.76
3.932
3.9
3.294
3.005
3.058
3.213
3.045
3.103
3.03
2.743
2.643
3.256
3.162
2.562
2.587
2.669
2.915
2.855
2.706
2.881
2.908
3.097
3.102
3.063
3.033
2.919
2.96
2.976
3.209
3.174
2.824
2.883
3.257
3.4
2.917
3.139
3.371
3.568
3.381
3.247
3.083
2.887
2.946
2.804
2.934
2.963
3.53
3.15
2.866
2.706
2.8
2.723
2.603
2.609
2.222
1.902
1.978
2.217
2.448
2.568
2.48
2.337
2.522
2.826
2.907
2.894
2.92
3.004
2.705
2.945
3.111
3.078
2.963
2.924
3.01
2.989
3.018
2.94
2.921
3.085
2.888
2.924
2.786
2.99
2.91
3.144
2.959
2.932
3.041
3.527
3.29
3.628
3.69
3.447
3.739
4.32
4.186
5.206
5.835
5.106
5.101
5.967
5.7
6.825
6.455
6.394
5.941
6.563
7.42
7.3
7.42
5.09
6.059
5.407
5.461
4.741
5.299
5.345
4.844
4.473
4.855
5.544
4.936
5.072
4.452
3.955
4.777
4.742
4.424
4.575
4.156
4.122
4.045
4.005
3.865
4.84
4.059
3.828
4.09
4.568
4.908
4.621
5.339
5.185
5.357
5.375
5.271
4.873
4.941
4.129
3.271
3.588
3.767
4.755
4.183
3.355
3.605
4.062
3.226
4.216
3.473
3.112
3.443
3.739
3.84
3.014
2.977
2.785
2.808
3.322
4.15
3.467
3.756
2.761
3.673
3.108
2.323
1.703
1.887
1.642
1.844
1.987
2.058
2.574
2.759
3.978
3.308
3.342
2.848
3.166
2.901
2.904
3.338
3.433
3.672
3.344
3.041
2.588
2.199
1.774
2.352
2.083
2.342
3.718
4.029
3.74
3.028
2.768
2.799
3.563
3.586
3.105
2.935
2.611
2.607
1.669
1.925
1.78
1.255
.228
.482
.686
1.09
.799
.894
1.399
1.222
1.097
.964
1.071
1.057
1.021
1.122
.866
.694
.945
.682
.241
.313
1.045
.819
.941
1.085
.969
1.107
1.012
1.105
1.051
1.033
1.501
2.374
2.72
1.796
.34
1.52
1.462
.955
1.072
1.412
1.269
.892
.233
.047
.307
.466
.003
.185
1.791
2.91
2.072
.421
.128
1.396
1.585
1.122
1.094
.779
.949
.46
.337
.72
1.071
1.066
1.163
1.38
1.559
1.717
1.923
2.016
1.515
1.995
1.759
1.362
1.424
1.123
1.134
.837
1.049
1.195
1.453
1.726
1.963
1.912
1.828
1.426
1.603
1.747
1.983
1.955
1.744
2.603
1.885
1.384
1.366
.974
.685
.305
.132
1.15
2.702
2.464
2.49
2.176
1.976
2.442
3.01
2.32
1.972
1.502
1.835
1.715
1.686
1.483
1.165
1.401
1.196
1.173
1.226
.471
0
0
0
0
.388
.429
.442
.32
.785
.964
1.285
.884
.955
1.265
1.214
2.575
1.809
1.388
1.649
1.469
1.472
1.811
1.724
1.571
1.588
1.624
.988
1.144
1.451
1.889
1.712
1.719
1.293
1.84
2.603
2.356
2.428
2.63
2.479
1.923
1.454
.945
1.606
1.856
2.626
2.773
3.131
3.531
3.143
3.822
3.749
4.459
3.463
3.593
3.703
3.15
3.106
2.892
3.412
4.576
4.844
4.097
3.721
3.961
3.812
3.178
3.156
3.177
2.987
4.033
3.465
3.056
3.141
3.178
2.756
3.198
3.175
2.719
3.531
2.943
2.92
3.015
3.335
3.006
2.759
3.232
3.087
3.275
2.161
3.275
3.45
2.698
3.075
2.233
2.679
3.075
3.78
2.975
3.097
2.297
3.233
3.032
4.087
2.932
2.927
3.665
3.99
3.455
2.942
3.832
3.438
3.823
3.442
2.541
3.95
2.843
3.667
3.324
3.166
3.903
2.794
3.052
3.747
3.624
4.362
4.317
3.398
3.105
3.127
2.836
4.072
4.178
4.35
3.494
4.022
4.161
4.506
3.77
3.899
3.249
3.477
4.06
4.236
4.296
4.834
3.745
3.924
3.263
3.258
3.259
2.87
2.635
2.687
2.836
2.75
2.64
2.391
2.523
2.483
2.632
2.483
2.483
2.29
2.227
2.611
2.645
2.57
2.726
2.768
2.933
2.573
2.707
2.435
2.298
2.409
2.769
2.896
3.022
3.363
3.487
3.33
3.077
3.46
3.492
2.914
2.589
2.518
2.822
3.63
4.901
5.541
5.251
5.318
4.99
5.664
4.931
5.234
4.74
4.74
4.246
4.139
4.448
4.188
4.258
4.333
4.391
4.225
4.283
4.445
4.559
3.953
3.678
3.163
3.333
3.391
3.733
3.363
3.448
3.843
3.938
4.019
4.265
4.286
4.175
4.237
4.091
3.985
3.913
3.673
3.828
4.021
4.141
4.472
4.249
4.158
3.876
3.908
3.771
3.663
4.041
4.005
4.28
4.288
4.596
4.202
4.046
3.902
4.191
4.51
4.304
4.37
4.354
4.436
4.821
5.037
5.169
5.044
4.779
4.928
4.853
4.975
5.096
5.274
5.203
4.883
5.253
5.607
5.372
5.262
4.862
5.024
5.326
5.25
4.923
5.05
5.308
5.685
5.943
6.185
6.377
6.12
6.507
6.109
5.996
6.12
5.552
5.771
5.683
5.843
5.476
5.339
5.006
5.516
5.291
5.325
5.757
5.509
5.315
5.322
5.204
5.129
5.649
5.802
5.3
5.46
5.425
5.645
5.977
5.543
5.797
5.278
4.703
5.287
5.291
4.956
5.209
4.957
5.022
4.924
4.503
4.616
5.102
5.024
5.296
5.061
5.023
5.16
4.861
4.678
5.43
5.006
5.204
5.245
5.289
5.968
6.103
6.621
6.202
6.289
7.12
7.28
7.14
8.02
9.44
7.52
8.88
8.86
8.79
8.36
8.13
8.94
8.36
8.88
8.67
8.24
8.15
8.53
9.16
8.88
8.86
7.88
8.05
7.31
7.77
9.46
8.83
8.02
9.04
8.44
9.27
8.72
8.43
8.47
8.87
8.84
8.11
8.85
8.79
8.4
9.14
8.51
10.03
9.56
9.42
9.69
9.73
9.74
9.39
9.58
9.74
10.7
10.42
11.62
10.2
11.1
12.55
11.72
10.9
9.95
9.78
10.29
9.45
9.46
9.2
9.22
10.43
9.89
9.44
8.76
8.46
9.32
9.14
8.77
8.38
7.39
8.82
10.03
8.89
8.91
9.66
10.1
8.06
7.74
8.37
9
7.97
9.37
8.08
7.81
7.87
7.61
7.63
7.41
7.88
9.19
8.89
7.91
7.48
6.759
6.052
4.81
5.408
4.644
5.092
5.039
3.821
4.454
5.268
5.599
5.397
5.379
5.67
5.532
5.002
4.656
4.189
4.486
5.145
4.974
4.662
5.382
5.307
4.76
4.301
4.64
4.406
5.134
7.04
8.38
8.57
8.53
7.57
6.777
6.891
5.394
5.447
5.601
6.286
6.228
6.242
6.257
6.228
6.329
6.969
6.338
5.641
5.984
5.832
5.682
5.935
6.511
6.339
7.35
7.39
8.03
7.89
7.27
7.37
6.646
6.736
7.07
6.755
6.908
6.215
6.02
6.076
5.903
6.177
6.375
6.855
6.909
7.27
7.88
8.06
7.99
8.02
8.2
8.16
7.25
6.532
5.76
5.765
5.91
5.332
6.502
6.519
6.223
5.973
6.093
5.285
5.36
5.218
5.007
5.621
5.522
5.673
6.124
6.437
6.084
6.21
6.211
7.35
8.06
8.07
8.61
8.48
7.83
7.26
7.01
6.809
6.446
6.87
6.777
6.722
6.658
6.395
5.928
5.829
5.721
5.833
5.612
5.387
5.698
5.928
6.282
6.5
7.28
7.07
6.825
6.488
6.394
5.609
6.131
5.848
6.06
5.812
5.884
5.637
5.445
5.723
5.326
5.456
5.847
5.948
5.721
6.149
6.613
6.111
6.299
6.031
6.561
6.098
5.56
4.865
4.83
4.455
4.819
4
4.018
4.574
4.945
5.185
4.848
4.827
4.685
4.874
4.586
4.369
4.227
4.524
4.658
4.664
5.028
5.157
5.438
5.743
5.963
5.99
5.224
4.91
5.061
5.539
4.954
5.12
4.745
4.432
3.77
3.512
3.491
3.809
4.663
4.901
5.395
6.23
6.885
6.505
7.62
7.48
7.62
8.05
8.31
8.35
9.35
9.18
7.98
8.91
9.91
9.26
10.67
10.3
10.25
9.93
9.64
9.37
9.32
8.88
8.91
8.68
7.94
8.94
9.85
10.67
10.32
8.88
10.23
10.51
10.17
9.76
9.29
8.76
9.51
10.09
9.23
8.73
9.69
8.71
8.38
9.03
9.04
9.49
9.62
9.95
8.33
10.15
7.79
8.23
7.12
8.62
8.5
7.71
9.42
7.32
8.08
7.22
8.45
7.41
7.26
8.85
8.85
8.72
9.75
10.94
9.52
9.12
8.3
7.66
7.46
9.05
9.34
8.4
7.21
6.418
7.82
7.64
7.85
8.35
7.93
7.72
8.31
7.92
8.1
6.986
7.49
7.72
6.321
7.24
7.27
7.11
6.446
5.938
5.546
5.092
4.12
3.679
3.339
3.421
3.728
3.971
4.194
4.563
4.687
5.162
4.93
4.513
4.538
4.727
4.573
4.148
3.813
3.457
2.908
2.925
2.725
2.814
2.579
2.074
1.579
1.25
1.17
.76
1.104
1.487
1.989
1.847
1.36
1.254
1.124
.986
.675
.656
.523
.62
.709
1.069
1.365
2.646
3.307
2.977
2.896
2.768
2.758
2.578
2.421
3.113
2.748
2.987
2.52
2.879
2.669
2.665
2.712
2.517
2.359
2.15
2.59
2.38
2.584
2.377
2.611
2.494
2.614
2.659
2.536
2.577
2.363
2.726
2.645
2.651
2.755
3.332
3.406
3.372
3.33
3.29
3.194
2.581
2.794
3.163
3.854
5.41
5.966
7.12
8.13
6.376
5.78
5.289
6.364
6.755
5.523
5.656
5.862
6.081
6.252
7.55
5.191
4.381
4.734
4.809
4.495
4.058
3.307
2.945
2.657
2.642
2.893
2.636
3.629
3.612
3.98
3.828
3.558
3.592
2.76
3.424
2.478
2.195
2.091
2.222
2.17
1.874
1.941
1.768
1.541
1.637
1.835
1.869
1.968
2.14
2.361
2.327
1.977
1.857
2.246
2.397
2.006
2.086
1.877
1.717
1.56
1.696
2.121
2.424
2.515
2.577
3.233
3.01
3.648
4.086
4.352
4.567
4.159
3.932
4.542
5.428
6.293
6.105
6.042
6.104
6.141
5.36
4.811
4.868
4.905
5.244
4.908
5.713
5.585
4.92
5.308
5.1
4.454
4.509
4.746
4.734
4.985
5.042
4.412
3.225
4.282
3.867
3.131
3.147
4.059
4.298
5.085
4.961
5.222
5.206
4.255
5.134
5.908
7.03
7.42
7.37
7.71
9.66
7.92
9.81
10.76
10.72
10.14
12.89
12.49
14.42
14.15
12.83
13.7
12.39
12.54
11.81
12.43
11.44
12.91
11.77
11.17
11.43
11.36
11.23
12.4
12.03
12.5
12.87
13.66
12.84
12.74
13.61
12.23
13.45
12.83
13.74
12.57
12.74
13.96
12.2
12.73
14.63
11.52
12.96
11.51
12.62
13.25
15.1
14.1
13.3
11.45
12.88
10.73
14.35
15.49
13.85
12.92
13.96
14.69
14.43
13.32
12.37
13.06
11.62
10.38
11.35
13.7
13.75
12.7
10.57
10.23
10.15
11.5
11.11
12.26
11.54
11.81
13.09
9.7
7.65
7.58
7.05
6.932
6.898
5.814
5.93
5.442
4.803
5.83
8.26
10.36
9.47
9.57
10.23
8.55
9.29
8.62
7.91
7.83
6.897
7.37
6.639
7
6.251
6.937
7.1
6.877
7.63
8.25
9.27
9.69
10.87
10.11
9.04
9.41
8.5
8.36
9.33
9.91
8.85
9.04
8.11
8.39
7.68
7.54
8.74
10.03
9.78
9.74
10.65
10.47
10.07
8.53
9.09
9.17
9.93
10.16
10.78
11.4
11.84
10.78
11.35
11.02
11.7
11.41
11.26
10.38
11.11
10.3
10.89
10.91
12.07
11.27
10.78
12.58
12.46
11.4
11.41
11.34
10.16
11.47
11.18
11.04
10.14
11.21
10.03
11.21
10.17
10.42
10.08
10.43
10.52
9.81
10.04
9.83
9.63
9.55
9.9
9.73
9.66
9.55
8.71
9.61
9.84
11.3
9.91
10.56
10.24
9.24
10.57
10.7
11.36
10.22
9.39
9
9.79
9.26
9.61
10.37
9.62
8.82
10.26
9.45
9.83
9.3
9.02
9.4
7.68
8.32
9.71
9.63
9.81
9.89
9.8
9.78
9.48
9.2
10.06
9.73
9.1
9.78
9.24
9.69
8.64
8.63
8.96
9.27
8.45
8.57
8.67
8.12
7.73
7.64
7.53
7.6
7.83
7.51
7.69
7.7
8.1
6.89
7.46
7.43
7.66
7.45
7.08
7.6
7.21
6.547
6.703
6.469
6.023
6.113
6.573
6.379
5.967
6.754
7.12
7.57
6.869
7.52
7.86
8.33
8.38
7.24
8.55
7.53
8.48
8.64
9.75
9.18
9.51
9.41
8.73
9.25
9.82
9.85
7.69
9.33
8.66
9.69
9.25
8.55
7.37
8.06
7.46
7.45
8.42
7.86
7.78
7.91
8.05
7.59
7.66
7.36
7.85
6.79
7
7.37
7.95
7.13
7.59
7.28
7.24
6.907
7.68
7.05
7.24
6.764
5.728
6.114
6.709
7.3
7.28
7.26
7.59
6.841
7.22
6.417
6.651
6.955
6.782
5.744
6.801
7.63
6.495
6.428
6.072
5.916
7.35
5.937
6.526
6.118
5.735
6.41
6.338
6.272
6.202
6.822
6.847
6.296
5.368
6.342
5.806
5.446
6.342
6.951
6.326
6.451
5.763
6.715
6.221
7.15
6.717
6.947
6.978
6.774
5.613
7.05
6.432
6.607
4.994
4.849
6.044
6.623
5.669
6.123
5.399
5.811
5.698
5.138
4.902
4.521
4.662
4.418
4.56
4.439
4.639
4.308
3.648
3.511
3.288
3.107
3.719
3.647
3.397
3.463
3.395
3.314
3.63
3.707
3.64
3.571
3.647
3.534
3.573
3.392
3.264
3.194
2.951
2.9
2.977
3.113
3.143
2.813
2.744
2.728
2.914
3.26
3.318
3.235
3.365
3.688
3.436
3.074
3.468
3.101
3.08
3.317
3.648
4.285
5.336
5.487
5.354
4.676
3.821
3.217
3.995
4.091
4.181
3.57
3.048
2.924
2.813
3.347
3.135
3.318
3.162
3.295
3.328
3.221
3.433
3.347
3.479
3.493
3.184
3.311
2.914
2.874
3.41
3.311
3.253
3.308
3.043
3.316
2.914
3.144
3.11
3.056
3.079
3.117
2.562
2.5
2.25
2.494
2.607
2.711
2.758
3.116
3.046
3.137
3.295
3.379
3.181
3.083
3.31
3.277
3.36
3.321
3.018
2.567
2.766
2.893
3.181
3.191
3.525
3.344
3.588
3.463
3.034
2.855
3.179
3.576
3.744
3.289
2.963
2.541
3.006
3.373
3.413
3.659
3.769
3.826
4.049
3.983
3.946
4.05
3.489
3.828
4.005
3.597
3.582
4.202
4.152
4.012
3.991
4.067
3.516
3.76
4.091
4.256
3.884
2.881
3.374
3.666
4.196
3.872
3.891
3.614
3.307
3.101
2.9
2.989
3.084
3.498
4.01
3.797
3.563
3.617
3.739
3.655
4.374
5.222
5.72
6.155
6.5
6.223
6.597
6.525
6.595
6.14
6.566
5.669
5.661
6.439
6.069
6.052
5.376
6.038
6.892
7.66
5.145
6.759
6.981
6.893
8.3
7.72
7.59
8.32
7.93
7.65
9.29
8.41
8.62
7.62
9.41
9.05
9.75
8.87
8.74
8.04
8.93
7.79
7.35
8.54
7.79
7.96
8.18
7.68
8.43
7.78
7.22
7.44
7.81
5.861
7.78
7.85
6.661
7.68
6.999
8.14
7.69
7.79
6.954
7.24
7.22
7.89
6.499
7.49
7.83
6.756
7.14
7.9
7.63
7.52
7.79
7.35
8.56
8.28
8.24
8.44
8.26
7.95
8.22
7.13
7.56
7.71
6.478
6.981
5.897
6.751
6.656
5.425
5.273
7.37
6.78
6.096
6.824
6.27
7.58
6.436
6.449
6.693
7.56
6.197
6.66
7.13
6.467
6.223
6.751
6.731
5.368
4.944
4.802
4.232
2.997
4.756
4.896
4.236
3.569
3.709
4.519
3.863
3.768
4.058
4.142
4.336
4.457
4.38
4.363
3.719
3.313
3.412
3.134
2.738
2.521
2.929
2.914
2.628
2.322
2.708
2.488
2.848
3.363
4.101
4.214
3.861
4.307
3.721
3.013
3.411
3.195
3.368
2.92
2.854
3.338
2.536
2.512
2.642
2.894
2.873
2.424
2.779
2.587
2.671
2.596
2.486
2.807
2.726
3.723
4.597
4.927
4.841
4.223
4.644
4.628
4.589
4.731
4.772
5.209
5.791
5.972
6.385
6.677
6.281
6.39
5.896
5.942
5.427
5.608
5.568
5.479
5.515
5.732
5.072
5.403
5.084
5.351
5.584
5.698
5.655
5.737
5.626
5.341
5.223
5.299
5.209
5.517
5.139
5.284
5.413
5.372
4.95
4.676
4.59
4.864
4.876
5.205
5.104
4.675
4.819
4.938
5.072
5.164
5.384
5.445
5.881
6.237
5.436
5.555
5.719
5.481
5.545
5.438
4.927
5.474
5.795
5.618
4.646
4.696
4.317
4.637
3.993
4.388
5.403
5.649
4.457
5.054
5.084
5.226
4.976
5.246
5.003
4.969
5.597
4.936
4.913
4.92
4.669
4.871
4.721
5.043
4.979
4.449
4.1
4.371
4.673
4.356
4.137
4.228
4.088
4.245
4.196
4.098
4.134
4.372
4.481
3.804
4.135
3.909
3.92
3.696
3.806
4.095
3.674
3.539
4.137
4.358
4.204
3.913
4.132
3.804
4.286
3.795
3.976
3.816
4.187
4.573
4.777
4.608
5.446
6.231
6.699
6.475
7.3
6.182
6.205
7.32
7.43
6.076
6.444
5.9
6.46
6.557
7.88
7.88
8.09
8.51
6.898
7.3
7.57
7.82
8.21
10.15
7.91
8.44
7.93
7.99
9.14
9.43
8.05
10.09
9.79
7.37
9.79
7.25
8.95
9.65
9.58
9.63
8.48
9.95
10.06
8.33
9.08
9.13
9.36
8
9.71
9.25
7.98
8.64
10.18
9.13
8.71
9.41
9.5
9.9
9.93
9.77
9.42
11.04
8.79
10.15
9.03
8.79
10.25
10.45
10.92
10.03
9.69
11.27
10.94
10.39
9.77
10.64
9.81
9.07
11.39
10.67
10.91
11.53
11.03
10.93
12.26
10.84
11.43
9.8
10.59
9.44
8.43
11.55
11.77
10.61
10.27
10.41
10.19
9.21
10.31
10.54
10.68
9.98
9.65
8.38
8.59
7.71
7.28
7.87
8.6
7.47
6.815
6.738
7.04
6.286
5.727
5.445
5.446
5.357
5.654
6.972
6.757
7.24
6.598
5.702
5.204
4.988
4.61
4.921
5.418
5.324
5.294
4.931
4.352
4.529
4.208
4.667
4.815
4.45
4.837
4.915
5.221
5.202
5.41
4.775
4.757
5
5.344
5.256
5.161
5.089
5.002
4.895
4.676
5.002
4.828
5.36
5.003
4.896
5.021
4.989
5.306
5.372
5.401
5.523
5.336
4.96
5.221
5.686
5.663
5.203
5.19
5.086
4.52
4.892
4.453
4.149
3.821
3.707
3.215
3.571
3.991
3.897
4.219
3.747
3.739
3.765
3.807
3.839
3.809
3.909
3.688
3.023
3.045
3.498
3.66
3.431
3.651
3.915
3.597
3.897
3.55
3.687
4.053
3.746
3.799
4.664
4.438
4.121
3.91
3.088
1.624
1.228
1.399
1.294
.855
.586
1
1.119
1.956
2.62
3.54
3.588
3.447
3.687
3.57
3.456
3.098
2.585
2.579
2.892
2.804
2.581
2.327
2.595
2.423
2.151
2.442
2.177
2.035
2.513
2.273
2.963
2.461
2.621
2.867
2.452
1.586
2.142
2.018
2.463
2.265
2.77
2.785
3.133
3.041
3.707
4.103
4.406
4.101
4.173
4.155
4.458
4.097
4.472
5.72
5.272
5.709
5.617
4.978
4.441
5.578
5.273
4.594
4.008
6.738
5.535
4.727
4.764
4.804
5.044
4.283
4.058
4.614
4.961
4.672
5.373
5.451
5.085
5.286
5.711
5.932
7.21
7.52
6.06
5.534
6.035
6.621
6.793
6.67
5.682
6.116
6.162
5.309
6.563
5.933
5.23
5.485
6.393
6.236
6.788
6.138
6.184
6.107
6.944
6.959
7.04
6.158
6.812
7.29
6.352
7.16
7.17
6.839
6.716
6.155
5.808
5.627
6.08
6.503
6.136
5.965
5.747
5.467
5.628
5.224
3.953
3.668
4.394
4.224
4.577
4.547
3.92
3.863
4.781
4.699
3.127
4.648
5.535
4.65
3.822
3.843
4.791
4.79
3.305
4.406
4.296
3.939
5.05
3.634
2.861
4.584
4.118
4.029
3.352
2.722
2.71
3.157
2.799
2.536
4.52
3.754
3.947
4.863
4.863
4.167
3.454
3.257
3.216
4.354
4.16
4.65
4.377
4.168
3.926
3.213
3.781
3.356
3.688
2.444
1.78
1.478
1.274
1.828
2.715
2.636
2.245
2.157
1.75
1.055
.671
.99
1.19
1.196
.898
.799
.51
.305
.452
.172
.533
1.006
.574
.63
1.363
3.193
5.871
5.281
4.71
4.023
3.825
3.608
3.545
3.595
3.69
3.66
3.735
3.749
4.086
5.055
4.981
4.467
4.105
3.826
3.577
3.51
3.59
3.776
3.919
3.458
2.958
2.708
2.859
3.366
3.863
4.022
3.834
3.692
3.533
2.63
2.321
2.549
2.535
2.26
2.097
2.268
2.003
1.349
2.897
2.124
1.343
.968
.934
.845
.497
.989
1.663
2.314
2.472
2.592
2.493
2.412
2.125
1.765
1.31
.478
.4
.902
.965
1.034
1.091
1.2
.794
1.025
1.422
2.145
2.88
3.279
2.358
.973
.887
.896
1.524
2.057
2.109
2.573
2.612
2.571
2.384
2.145
2.447
2.611
2.279
2.486
2.528
2.74
2.537
2.368
2.673
3.046
2.775
3.256
2.888
3.132
3.249
3.503
3.968
3.727
3.307
3.702
4.179
3.997
3.549
3.42
3.693
3.859
4.01
4.046
3.714
3.736
3.877
3.875
3.42
3.552
3.304
3.263
3.291
3.156
2.895
2.757
2.874
3.068
3.328
3.247
3.32
3.084
3.17
3.051
3.032
2.837
2.543
2.165
1.775
1.821
1.87
1.97
2.159
2.264
2.099
1.975
1.996
2.269
2.391
2.146
2.057
2.155
2.354
2.555
2.608
2.507
2.497
2.556
2.449
2.878
2.574
2.626
2.634
2.954
3.403
3.583
3.45
3.189
3.562
3.462
3.835
4.202
3.438
4.343
4.072
3.044
3.709
3.925
3.403
2.81
2.781
2.782
2.879
1.871
2.251
1.33
1.935
2.067
.445
1.445
2.363
2.302
1.912
1.145
.911
2.942
3.351
2.381
3.6
3.095
1.849
1.795
2.731
2.977
3.163
4.198
3.926
4.435
3.079
3.777
3.445
3.7
3.591
3.413
2.706
4.353
3.756
3.68
3.161
2.619
3.628
4.852
4.151
3.436
5.052
3.864
2.97
4.354
4.394
3.639
4.831
3.997
3.743
2.535
4.069
4.167
4.665
3.538
5.719
4.481
3.704
3.229
2.617
4.255
5.966
4.149
3.732
3.99
4.001
4.662
3.33
4.072
4.294
3.261
4.314
4.302
2.548
3.226
3.671
2.846
2.604
2.671
2.635
1.845
2.54
2.706
2.366
1.656
1.157
1.406
1.88
1.608
1.637
1.195
1.139
1.056
.943
.817
.496
.399
.426
.829
.637
.641
.84
.982
.83
.883
1.027
.793
.593
.656
.449
.276
.121
.476
.753
.826
.896
.817
.835
.734
.875
.609
.643
.982
1.356
1.604
1.517
1.6
1.728
2.996
3.394
3.143
3.334
3.158
3.133
3.199
2.831
2.686
2.63
3.069
3.148
2.92
2.873
4.007
3.895
4.254
4.412
4.291
4.046
3.368
3.253
3.233
2.613
3.079
2.98
2.664
2.763
3.246
3.361
4.043
3.965
3.948
3.843
4.202
4.822
4.44
4.208
4.409
4.266
4.546
5.182
5.15
4.576
4.512
4.378
4.307
4.399
4.313
4.596
4.75
4.757
4.814
4.544
4.065
3.926
3.817
3.678
3.651
3.399
3.538
3.577
3.698
3.534
3.848
3.693
3.833
3.767
3.586
3.504
3.667
3.754
3.648
3.563
3.662
3.808
3.503
3.502
3.835
3.82
3.472
3.518
3.35
3.18
3.242
2.909
2.804
2.873
2.841
2.841
2.836
2.789
2.591
2.54
2.719
3.076
3.136
3.029
3.059
3.043
3.315
3.384
3.314
3.359
3.151
3.206
3.031
2.904
3.048
3.211
2.9
2.911
2.704
2.645
2.611
2.616
3.079
3.036
2.781
2.728
2.737
2.782
3.023
2.96
2.865
3.124
2.984
2.955
3.552
4.076
3.726
4.028
3.936
3.913
3.92
3.887
3.933
4.212
4.528
4.505
4.607
5.225
5.189
4.721
4.806
5.19
5.41
4.876
5.099
5.341
5.444
5.547
6.666
6.151
6.295
6.714
6.278
5.852
6.28
5.787
6.503
6.57
7.12
6.979
6.858
6.727
6.691
6.387
5.875
6.935
6.732
6.585
6.247
7.57
6.778
5.991
5.889
6.192
6.478
5.644
4.869
6.135
5.534
5.512
5.834
5.947
6.44
5.471
5.822
5.574
5.368
4.936
4.705
5.211
5.633
4.897
4.67
5.15
4.449
5.123
4.777
4.935
4.429
4.555
4.761
5.038
4.668
4.276
3.716
4.018
4.102
4.932
5.174
4.317
4.449
5.724
5.28
4.853
4.571
5.245
4.537
3.966
6.555
6.389
6.511
6.014
5.881
6.234
4.864
5.227
4.681
4.598
4.211
3.639
4.257
4.042
3.653
3.658
4.018
4.541
3.464
3.602
3.16
4.155
3.937
3.508
3.029
2.708
2.834
2.903
2.914
2.871
1.959
1.604
1.519
1.156
1.165
1.336
1.607
1.752
2.025
1.716
3.175
2.826
3.322
4.039
3.56
3.587
2.554
2.567
2.983
2.922
2.949
2.576
2.529
2.99
2.669
2.59
2.987
2.852
2.824
2.909
2.557
2.387
2.276
2.408
2.671
2.396
2.533
2.795
2.585
2.657
3.123
2.916
2.768
3.169
3.125
3.044
3.161
3.034
2.988
3.33
3.369
3.295
3.323
3.222
2.516
2.727
3.052
3.202
3.131
3.462
3.744
3.462
3.118
3.101
2.87
3.303
3.363
4.087
3.811
4.866
3.934
4.116
4.977
4.898
5.137
5.852
6.046
4.878
4.897
5.146
5.211
5.864
6.059
5.064
5.548
5.503
4.453
4.352
4.64
5.134
5.464
5.245
5.375
5.342
5.618
5.33
4.869
4.656
5.105
5.217
4.829
4.898
4.745
5.879
5.299
5.811
6.121
5.834
4.951
4.782
5.907
5.831
4.642
6.053
6.812
5.224
5.001
5.062
6.19
5.34
5.085
4.395
4.814
5.63
5.172
5.692
5.256
4.457
5.025
3.584
4.326
5.46
4.846
5.035
5.521
5.456
5.769
4.821
5.536
5.605
5.571
4.338
4.975
5.245
4.873
5.976
5.559
5.943
5.646
6.581
5.563
5.267
5.454
5.378
4.682
5.105
5.174
4.988
4.487
4.559
4.188
5.053
4.679
4.98
5.008
4.491
4.422
4.693
5.111
4.915
4.555
4.565
4.539
4.738
3.807
4.147
4.14
5.336
5.209
4.989
4.644
5.15
5.186
4.716
4.608
4.182
4.912
4.31
4.622
4.322
4.783
4.394
3.672
4.283
4.229
3.942
3.605
3.704
3.478
3.652
3.518
3.826
3.633
2.698
3.936
4.244
3.595
4.614
3.562
3.084
3.596
4.013
4.572
4.215
3.765
3.778
3.564
3.011
5.024
4.404
4.877
5.333
3.814
4.587
4.784
4.612
4.728
4.161
5.116
4.338
4.005
4.529
5.47
3.339
4.71
3.661
4.497
4.507
4.564
4.77
5.363
3.554
3.941
3.57
4.284
4.194
5.411
5.393
4.193
4.329
5.785
4.032
4.931
5.837
4.717
6.038
5.924
6.423
5.053
6.195
5.32
4.828
6.186
6.988
6.305
5.873
5.08
5.381
5.598
5.284
4.829
6.416
6.529
4.973
4.255
5.594
5.361
4.605
3.746
3.34
4.193
4.154
3.77
3.362
3.08
2.631
2.614
2.383
2.251
2.19
2.115
2.142
2.019
1.625
1.934
1.997
2.075
1.91
1.971
2.078
2.292
2.649
2.362
2.007
2.179
2.681
2.748
2.396
2.549
2.076
2.259
2.898
2.85
3.016
3.268
3.071
3.36
3.419
3.242
2.943
3.618
3.697
3.612
3.763
3.908
4.06
4.336
4.13
3.986
4.145
3.911
3.549
3.885
3.429
3.264
3.581
3.606
3.585
3.667
3.664
3.933
3.607
3.539
3.75
3.724
3.575
3.844
4.053
3.98
3.973
3.801
3.157
3.287
3.469
3.222
3.509
3.504
3.752
3.693
3.939
3.752
3.606
3.683
3.61
4.112
4.259
4.265
3.725
3.893
4.11
4.081
3.99
3.924
4.188
4.348
4.559
4.683
4.605
4.838
4.428
4.418
4.365
4.206
4.306
4.442
4.325
4.716
4.445
4.434
4.488
5.009
4.339
4.046
3.784
3.778
3.765
3.484
3.489
3.539
3.428
3.247
3.308
3.16
3.263
3.914
3.434
3.93
3.926
4.037
4.127
4.178
4.014
3.745
3.732
3.617
3.565
3.76
3.63
3.551
3.493
4.268
4.209
3.553
3.287
3.436
3.445
3.743
3.714
3.669
3.674
3.987
4.14
3.741
3.46
3.834
4.048
4.451
4.354
3.572
3.915
3.539
3.282
3.293
3.665
3.807
3.867
4.084
3.919
3.99
4.023
3.986
3.861
4.08
4.101
4.002
3.697
3.908
3.997
4.384
4.072
4.109
3.56
3.675
4.276
4.468
4.745
4.534
4.368
4.307
4.181
4.119
4.508
3.85
3.821
3.974
4.216
3.804
3.813
3.827
3.928
3.409
3.277
3.169
3.115
3.355
3.736
3.631
3.751
3.913
3.642
2.889
3.506
2.38
3.273
3.083
3.386
2.264
1.643
2.794
2.288
2.906
3.001
1.606
3.264
2.356
2.273
2.897
2.497
3.633
3.364
2.769
4.057
4.058
4.585
3.049
4.018
3.609
3.485
2.786
4.524
2.275
4.887
3.455
4.241
5.198
4.426
4.985
4.411
3.442
4.822
3.193
3.403
4.996
5.658
4.157
3.727
5.101
3.242
3.593
4.932
5.329
3.946
4.455
3.828
3.36
3.822
3.988
4.239
3.761
4.367
3.72
4.322
3.779
4.328
4.469
4.677
4.913
5.402
5.258
4.448
3.951
3.894
4.088
3.43
4.22
4.382
4.528
3.839
3.301
3.357
3.346
2.951
2.948
2.764
2.947
3.112
3.351
3.614
3.569
3.229
3.298
3.039
3.237
3.152
3.044
3.442
3.868
3.842
3.556
3.295
3.77
3.782
3.39
3.435
3.414
3.917
3.696
3.508
3.641
3.235
3.128
3.223
3.166
3.387
3.248
3.717
3.726
4.382
4.379
4.335
4.272
4.186
3.657
3.424
4.142
3.572
3.605
3.606
3.801
3.859
3.881
4.022
3.414
3.461
3.652
3.708
3.781
3.469
3.601
3.488
3.238
3.144
3.078
2.89
2.588
2.202
2.274
2.495
2.503
2.885
2.932
2.358
2.467
3.017
2.745
2.431
2.396
2.607
2.732
2.741
2.611
2.696
2.795
2.775
2.556
2.333
2.405
2.353
2.36
2.505
2.769
2.867
3.2
3.087
2.988
2.693
2.824
3.3
3.5
4.002
3.931
4.037
3.842
3.958
4.011
4.045
4.049
4.031
3.951
4.043
3.952
3.917
4.09
4.05
3.751
3.421
3.578
3.555
3.548
3.195
3.512
3.525
3.602
3.712
3.8
3.872
3.882
4.219
4.442
4.157
4.088
4.185
4.164
4.312
4.423
3.963
3.715
3.491
3.255
3.006
3.502
3.687
3.314
3.361
3.384
3.003
3.064
3.206
3.133
3.431
3.048
3.006
2.974
2.936
2.678
2.599
2.097
2.261
2.358
2.459
2.195
2.185
2.952
2.729
2.663
2.796
2.595
2.834
2.599
2.506
2.239
2.597
2.442
2.254
2.131
2.491
2.452
2.029
2.294
2.105
2.023
2.184
2.585
2.495
2.357
2.389
2.393
3.216
2.898
3.131
3.066
3.442
3.562
3.244
4.255
3.864
3.311
3.551
4.251
4.795
4.446
4.453
4.426
4.181
5.096
4.889
4.414
4.819
4.347
4.418
4.387
4.551
4.72
5.696
5.747
4.267
5.136
5.746
4.815
5.064
4.542
4.449
5.02
3.635
4.271
4.319
4.528
4.729
4.134
4.758
4.911
5.008
4.828
4.698
4.102
4.331
5.083
4.425
4.47
4.702
3.89
4.128
4.683
4.865
4.328
5.507
4.983
5.29
5.398
6.286
4.761
5
6.027
5.877
5.651
5.635
6.586
6.987
6.14
6.176
5.708
4.396
7.18
5.75
6.597
5.884
6.97
6.524
5.512
5.351
5.414
6.912
6.945
5.917
6.372
6.197
5.797
5.893
5.749
6.722
5.672
5.893
5.564
6.008
5.309
4.642
4.474
4.245
3.83
4.219
4.252
4.435
4.303
4.252
4.303
3.927
3.63
3.894
3.789
3.591
3.521
3.512
3.331
3.561
3.694
3.498
3.431
4.027
4.225
4.325
4.34
4.023
4.526
4.38
4.351
4.306
4.108
4.164
4.006
3.447
3.528
3.885
3.863
3.789
3.617
3.604
3.681
4.304
4.67
4.698
4.868
4.673
4.769
4.706
4.869
4.589
4.537
4.58
4.531
3.942
3.794
3.864
4.037
4.482
3.876
3.746
4.33
4.19
3.668
4.256
4.397
4.153
3.953
4.351
3.968
4.343
4.741
4.542
4.778
4.829
5.155
5.255
5.254
4.933
4.875
4.512
4.524
4.264
4.121
3.958
4.003
4.485
4.26
4.191
4.421
3.988
4.069
3.616
4.334
4.364
4.008
4.256
4.012
4.234
4.563
4.269
4.043
3.814
4.06
4.091
4.506
4.486
4.525
4.366
4.216
4.624
4.485
4.543
4.025
2.934
2.628
2.341
2.158
3.067
3.277
3.735
4.065
4.415
4.083
4.176
3.833
4.21
4.178
4.626
4.413
4.175
3.848
4.75
4.628
5.047
4.65
4.656
4.397
4.044
3.847
4.026
3.911
3.982
3.849
3.526
3.324
3.332
3.599
3.593
3.731
3.825
3.86
3.693
3.827
4.325
4.711
3.866
3.284
3.584
3.955
3.881
4.108
3.861
3.735
3.738
3.87
4.009
3.76
3.692
3.978
3.788
3.696
3.857
3.695
4.08
3.517
4.003
3.754
3.391
3.681
2.959
3.107
2.842
3.194
2.461
2.815
2.9
3.009
3.034
3.298
3.416
3.283
3.473
3.941
3.485
3.872
2.716
3.095
2.973
3.63
4.458
4.35
3.596
3.879
4.734
5.538
5.194
5.582
4.639
4.939
5.513
4.881
5
4.79
5.144
5.628
5.533
5.136
4.493
4.729
4.081
5.213
5.053
5.279
5.134
4.992
5.048
5.048
4.337
5.181
4.681
4.764
4.592
4.37
4.778
4.895
5.55
5.25
5.353
5.714
5.135
5.22
4.625
5.441
4.623
4.606
5.115
5.468
5.735
5.24
5.132
6.038
5.623
4.966
6.486
5.869
5.153
5.09
4.139
4.855
5.955
6.661
5.193
5.418
3.776
6.797
6.387
5.859
5.078
5.692
5.008
5.68
5.068
4.606
4.597
4.235
5.203
4.842
4.398
5.195
3.986
4.007
4.684
4.181
4.819
4.427
4.718
4.203
4.16
4.346
3.993
4.006
3.962
3.828
4.137
4.092
4.05
3.624
3.483
3.78
3.979
3.911
3.643
3.587
3.263
3.405
3.585
3.304
3.052
3.52
3.649
3.434
3.972
4.412
4.404
4.637
4.739
4.682
5.206
4.969
4.611
4.476
4.933
4.829
5.437
5.124
5.015
5.025
5.207
4.535
4.52
4.624
4.848
4.973
4.656
4.602
4.215
4.353
4.024
3.852
3.875
4.02
4.258
4.208
4.125
4.054
4.42
4.525
4.26
4.264
4.55
4.63
4.753
4.696
4.817
5.063
5.414
5.066
4.914
4.495
4.618
4.498
