3.258
3.272
3.563
3.97
3.975
3.879
4.063
4.171
4.201
4.201
4.055
4.046
3.875
4.055
4.352
4.283
4.252
4.56
4.643
4.816
5.067
4.367
4.03
4.315
4.383
4.227
4.58
4.503
4.458
4.209
3.936
3.654
3.76
3.44
3.66
3.822
4.064
3.716
3.719
3.581
3.415
3.505
3.467
3.359
3.323
3.095
2.707
2.39
2.703
2.736
2.841
2.691
2.704
2.871
3.048
2.836
2.96
3.079
2.654
2.859
3.047
3.026
2.939
3.125
3.069
3.045
3.22
3.255
3.256
3.254
3.411
3.663
3.889
3.463
3.483
3.114
2.91
3.082
3.003
3.165
2.871
2.767
2.928
3.006
2.832
2.798
2.764
2.607
2.737
2.819
2.724
2.669
2.711
2.627
2.703
2.405
2.082
1.756
1.019
1.012
1.871
1.536
1.719
2.251
2.448
2.859
2.023
2.042
1.972
1.462
1.531
1.397
1.047
1.039
1.233
1.13
1.437
1.265
.604
.075
.038
.5
.728
.916
1.039
1.191
1.196
.288
.117
1.496
3.397
3.569
2.435
2.669
3.692
3.326
2.319
3.801
2.273
3.236
3.847
3.264
2.876
2.467
2.949
2.781
2.857
3.707
2.787
4.154
2.757
3.292
3.151
3.642
3.451
2.921
3.552
2.907
3.199
3.702
5.061
4.705
4.225
5.019
4.658
4.515
4.148
4.873
5.226
3.936
4.645
4.414
4.331
3.886
3.687
4.033
3.808
3.674
3.538
3.978
3.959
3.135
3.668
3.325
4.251
3.313
3.104
3.03
3.947
3.293
3.604
3.662
2.784
3.91
2.601
2.774
3.239
2.735
2.394
1.572
2.089
2.998
2.71
2.861
2.813
2.081
2.11
2.269
1.53
1.799
2.7
2.678
2.111
1.889
2.049
1.983
2.305
2.417
1.709
1.598
1.601
1.221
.913
1.292
1.149
.73
.831
.972
1.083
1.021
.789
.771
1.601
2.511
2.991
3.036
2.915
2.814
2.787
2.798
2.813
2.861
2.877
2.838
2.88
2.551
2.189
2.139
2.168
1.895
1.843
1.989
3.056
3.488
3.605
3.132
2.932
3.328
2.747
2.864
2.706
2.736
2.461
2.512
2.759
2.493
2.438
2.296
2.524
2.916
3.177
3.007
2.727
2.771
3.015
2.934
3.194
3.17
3.005
3.208
3.391
3.44
3.462
3.311
3.249
3.163
3.172
3.008
2.798
2.724
2.773
3.009
2.801
2.857
3.17
3.372
3.573
3.367
3.641
3.278
3.764
4.134
3.623
3.269
2.941
2.725
2.402
2.418
2.379
2.397
2.651
2.723
2.134
1.955
2.067
1.972
2.233
1.957
1.064
1.308
1.42
1.153
.986
.65
.205
.036
.371
1.092
2.214
2.348
2.17
2.706
2.866
2.587
2.217
2.244
2.382
2.606
2.489
1.719
2.031
2.02
1.875
1.608
2.11
2.486
2.634
2.451
2.155
2.44
2.403
2.672
2.43
2.661
2.822
2.584
2.755
2.78
2.524
2.319
2.674
2.384
2.537
2.48
2.559
2.195
2.388
2.274
1.982
1.698
1.7
1.933
1.963
1.926
2.102
2.106
2.431
2.807
2.85
3.314
3.476
3.144
3.411
3.612
3.582
3.324
3.352
2.418
2.615
2.962
3.275
3.637
3.056
3.595
3.432
3.381
4.215
3.896
4.283
4.687
3.944
4.48
4.498
4.524
4.539
4.621
4.299
4.539
4.056
4.944
5.314
5.062
5.068
5.447
5.717
4.994
4.562
4.506
5.08
4.782
4.722
5.1
4.476
4.849
4.747
4.744
4.661
4.377
4.654
4.29
3.764
4.945
5.376
5.265
4.653
4.542
5.454
5.685
4.284
4.424
4.677
4.36
5.102
4.904
4.561
4.448
5.615
4.612
4.127
4.393
4.78
4.402
4.622
5.061
5.341
4.254
4.252
4.632
4.102
4.386
4.958
4.918
4.527
4.386
4.36
5.041
4.25
3.927
4.472
4.605
4.75
4.9
4.348
4.196
4.395
4.192
4.437
4.88
4.544
5.38
4.927
4.562
4.662
5.058
5.3
5.013
5.283
5.059
4.502
4.346
5.314
4.523
4.34
4.461
4.681
4.437
5.297
5.328
4.277
4.486
4.166
4.466
3.935
4.424
4.859
4.25
4.344
4.413
4.812
4.581
5.186
5.726
5.335
5.316
5.783
5.374
5.816
5.484
4.58
4.99
5.513
5.98
5.674
5.725
5.342
5.066
5.658
5.5
5.7
5.317
4.718
5.336
5.546
7.53
6.629
6.378
7.01
6.889
7.14
6.809
5.752
6.405
5.207
3.874
3.034
3.647
4.176
4.574
5.278
5.117
4.52
4.03
5.099
3.574
4.12
4.905
4.611
4.472
4.564
5.104
5.334
5.108
5.778
5.765
5.59
5.867
5.865
6.398
6.247
6.364
5.721
5.359
4.668
4.412
4.37
4.656
4.985
5.274
4.568
4.816
5.212
6.149
6.109
6.566
5.809
5.655
5.838
5.165
5.687
5.651
5.01
5.606
5.815
5.651
6.75
5.622
4.603
4.204
4.484
4.899
4.088
4.104
4.564
5.485
4.874
5.304
5.882
5.058
5.019
5.277
5.481
5.34
4.71
4.345
4.112
4.32
4.782
5.252
5.42
5.62
5.36
5.217
4.559
3.871
4.258
5.28
4.532
4.867
5.752
5.782
5.576
5.828
6.435
6.23
6.797
7.07
6.832
6.345
5.794
6.192
6.712
6.827
6.03
6.083
6.375
5.905
5.372
5.585
5.383
5.339
5.314
6.856
6.806
6.752
5.799
6.2
6.254
6.365
7.11
6.417
6.158
5.875
5.638
5.01
5.165
5.097
4.935
5.79
6.431
5.297
5.765
6.685
5.896
5.991
6.486
6.502
6.726
7.26
6.724
5.647
6.101
5.618
5.288
6.951
6.328
6.086
6.089
6.074
5.799
4.897
5.03
5.961
5.398
4.836
4.834
4.636
4.603
4.374
3.946
4.5
5.838
6.573
6.165
5.708
5.647
6.515
6.408
6.216
6.348
5.866
6.507
6.062
5.457
6.28
5.699
4.655
5.38
5.257
5.016
5.137
4.998
5.294
5.247
4.881
4.126
4.659
5.439
4.892
4.986
4.1
4.413
4.804
4.587
3.894
4.447
4.56
4.489
4.199
4.095
4.129
4.492
4.452
4.544
3.832
4.506
3.811
4.365
4.402
4.545
4.238
4.068
4.334
3.749
3.707
3.973
3.988
4.208
4.353
5.088
4.719
4.908
5.363
5.437
4.897
4.64
2.362
3.268
3.823
4.006
4.456
4.244
3.025
3.6
2.976
2.967
3.254
3.082
3.379
2.3
2.532
3.379
3.438
3.364
3.476
2.52
2.018
3.184
3.295
3.127
2.87
1.975
1.703
2.56
2.709
3.36
3.981
3.351
3.121
2.669
2.789
2.173
2.059
1.625
1.793
2.728
2.903
2.211
1.793
1.533
1.829
1.691
1.711
1.921
1.477
2.039
2.194
2.546
2.369
2.439
2.305
1.928
2.375
2.408
2.958
2.803
2.941
3.14
2.976
3.079
3.576
3.274
1.99
2.19
2.481
2.79
3.193
2.88
2.18
2.074
2.567
2.421
2.215
1.658
1.494
1.142
1.26
.563
.927
1.359
1.557
1.979
1.605
1.347
1.221
2.064
1.671
1.659
1.441
1.112
2.134
2.32
2.341
2.148
1.777
1.981
2.257
2.19
2.225
2.26
2.237
2.547
2.726
2.99
2.475
2.513
2.082
1.682
1.656
1.724
1.864
1.614
1.563
1.918
1.844
1.44
1.52
1.254
1.185
1.242
1.113
.922
.714
.706
1.111
1.005
1.175
.569
.472
1.464
.617
1.193
1.468
1.699
1.705
1.513
2.057
2.252
2.479
2.207
1.935
2.173
2.32
2.719
2.499
2.809
2.097
2.273
2.817
2.239
2.857
4.739
4.282
4.496
4.129
4.345
3.841
3.384
4.358
4.035
3.502
3.841
4.049
4.441
3.683
3.143
3.442
3.314
2.05
3.917
3.683
3.603
3.042
3.003
3.536
3.476
2.721
2.708
3.102
3.143
2.397
1.928
1.903
1.106
1.503
1.843
2.767
2.899
2.216
2.285
2.602
2.527
3.249
3.68
3.39
4.025
4.011
4.229
4.175
4.386
3.578
3.543
4.339
3.948
3.452
3.678
3.346
4.855
4.532
4.133
3.92
4.614
4.502
4.26
4.663
4.321
4.46
4.792
4.522
4.546
4.637
5.704
5.466
5.026
4.984
5.279
4.871
5.093
3.921
3.879
3.699
4.363
4.692
5.368
5.539
5.012
5.439
4.834
4.158
3.956
4.813
4.904
4.353
4.772
4.105
3.71
4.204
4.208
4.612
4.373
3.745
3.524
3.422
3.8
3.675
4.226
4.327
4.428
3.98
2.834
2.579
2.968
2.622
2.7
2.88
2.267
2.953
2.488
1.568
2.326
2.876
1.934
1.911
1.812
2.494
3.486
2.709
2.078
1.553
1.117
.703
1.487
2.159
1.711
1.015
.614
1.329
1.503
2.162
2.228
2.182
2.626
2.305
2.255
2.074
2.577
2.608
3.156
2.96
2.492
2.823
2.603
2.751
2.8
2.92
2.961
1.906
2.051
2.074
1.645
1.449
.844
.915
.788
.558
.902
.979
.916
.896
.939
.261
.432
.638
.542
.814
.776
.064
0
.013
.112
.403
.172
0
.233
.198
.062
.734
.978
.992
1.137
1.488
1.614
1.457
1.546
1.635
1.333
1.095
.618
1.045
1.456
1.743
2.126
2.494
2.247
2.046
2.085
2.123
2.148
2.275
2.312
2.007
1.899
2.508
2.066
1.757
1.627
1.407
1.594
2.019
1.633
1.283
1.807
2.492
2.542
2.215
2.783
3.126
1.711
1.813
2.143
1.698
2.259
2.382
1.951
1.927
1.763
1.261
1.124
1.679
1.666
2.553
2.053
2.174
2.006
1.111
2.09
2.331
1.942
2.176
1.844
2.066
2.137
1.712
.567
1.505
1.886
2.171
1.575
1.432
2.306
2.016
2.078
1.857
2.3
2.6
3.133
2.607
1.814
2.425
2.781
3.461
2.954
3.187
3.087
3.424
2.429
2.855
2.546
2.416
1.578
.813
1.893
2.062
1.535
1.329
1.472
1.641
1.472
1.205
1.9
2.119
2.276
2.455
2.485
2.242
2.379
2.495
2.664
2.66
2.602
3.177
3.8
4.092
2.794
2.124
1.958
2.526
3.436
3.302
2.381
1.611
.534
.559
1.319
1.433
1.284
1.275
2.825
2.312
2.101
2.018
1.948
1.674
1.635
1.89
2.316
2.5
2.426
1.73
2.143
2.205
1.862
2.111
2.273
2.224
1.982
1.917
1.973
2.182
2.386
2.012
2.09
2.267
2.148
2.144
1.838
2.474
2.752
2.165
2.336
1.978
2.437
2.961
3.073
3.073
3.157
3.962
3.601
4.68
4.339
4.641
3.805
3.914
4.451
4.491
4.768
4.492
4.631
4.685
4.766
4.656
3.865
3.987
4.033
4.417
3.535
4.727
4.212
4.72
5.199
4.998
5.014
4.514
4.787
4.726
4.999
4.418
5.146
4.693
4.953
4.281
4.437
4.573
5.437
4.138
4.979
5.356
4.732
4.88
4.578
5.235
4.868
5.079
5.46
4.531
5.64
5.325
4.936
5.83
5.726
5.202
6.234
5.497
5.262
6.244
5.797
6.122
5.551
6.5
5.698
5.833
6.295
6.176
5.634
5.959
6.74
6.235
6.161
5.983
6.519
6.615
6.82
5.936
5.941
6.632
6.077
5.194
5.649
6.196
5.563
5.103
5.237
4.996
4.619
4.528
4.637
4.49
4.424
4.26
4.016
3.93
4.192
4.201
4.165
4.198
4.369
4.558
4.229
4.296
4.622
4.275
4.046
4.12
4.201
4.526
4.484
4.713
4.72
4.115
3.588
3.65
3.928
4.062
4.638
5.125
4.938
5.107
5.071
5.075
4.505
4.257
3.932
3.789
3.613
3.818
4.286
4.758
4.82
5.106
5.503
4.639
4.555
4.451
4.44
4.571
5.555
5.717
5.51
5.21
5.417
6.063
5.921
6.018
5.976
5.615
5.621
5.783
6.629
7.05
6.663
5.965
5.856
5.696
5.831
6.942
6.743
6.593
6.857
6.564
6.734
6.07
5.99
5.923
6.029
5.392
5.091
5.285
5.194
5.853
6.771
5.809
5.547
5.071
4.739
4.654
4.957
5.681
4.93
5.006
5.084
5
5.099
4.434
4.846
4.945
4.653
3.798
3.724
3.205
3.316
3.958
3.991
4.016
3.897
4.075
4.032
4.476
4.298
4.261
4.189
3.848
3.644
3.48
4.801
5.29
4.68
4.401
4.784
6.098
7.25
8.71
8.27
8.5
9.34
9.68
8.66
8.21
7.51
7.06
6.466
6.638
7.59
7.5
9.33
9.28
8.12
7.46
6.368
5.705
4.925
4.316
3.577
3.168
4.901
5.986
5.343
4.306
4.07
5.59
7.43
6.187
4.652
4.5
4.625
4.818
4.341
4.27
4.252
4.162
4.172
4.281
4.719
3.691
3.065
3.404
3.255
3.038
3.193
2.739
2.846
3.322
3.715
4.198
3.918
4.012
5.017
4.035
5.092
5.651
5.987
6.819
7.02
6.875
7.17
7.39
7.47
7.93
7.92
6.978
8.06
8.35
8.09
8.7
8.65
8.49
8.29
7.58
7.08
8.11
7.88
7.47
7.57
7.48
6.913
6.997
6.959
6.744
7.39
6.226
6.403
6.915
5.945
6.226
5.449
5.764
4.622
4.956
4.446
4.088
5.143
4.825
4.823
4.509
3.964
4.382
3.297
3.071
3.307
3.823
3.291
2.899
3.291
2.291
2.893
1.725
1.192
1.827
2.854
1.492
1.804
2.304
2.187
2.02
1.321
1.923
1.631
.821
1.71
2.266
2.532
1.853
1.742
2.283
2.129
2.771
3.061
3.121
2.346
2.666
2.272
2.297
2.6
3.221
3.031
3.209
3.305
2.948
2.127
2.282
3.181
2.742
2.644
2.576
2.393
2.436
2.364
2.344
2.542
2.34
2.284
2.047
1.893
1.974
2.356
2.558
2.919
3.091
2.843
3.062
2.817
2.601
2.3
1.955
2.027
2.071
2.098
1.852
2.031
1.903
1.856
1.78
1.994
1.761
1.782
1.87
1.695
1.914
1.799
1.988
2.043
2.507
2.637
2.446
2.504
2.449
2.095
2.289
2.366
2.649
2.296
2.54
2.464
2.35
2.61
2.848
2.748
2.589
2.635
2.655
2.439
2.489
2.516
2.513
2.649
2.611
2.504
2.483
2.506
2.276
2.123
2.316
2.246
2.168
2.294
2.529
2.736
2.607
2.58
2.907
2.82
2.947
2.891
2.945
2.676
2.904
3.232
3.142
2.788
3.1
3.15
3.249
3.425
3.392
3.469
3.544
3.663
3.812
3.791
3.611
3.246
3.145
2.987
2.543
2.09
2.176
2.62
2.968
2.835
2.834
2.772
2.608
2.379
2.279
2.516
2.757
2.705
2.521
2.932
3.344
2.973
3.098
2.877
3.14
3.596
3.619
3.387
3.832
4.351
4.561
4.353
4.488
4.437
4.241
4.184
4.545
4.437
4.446
4.275
4.085
3.287
3.046
3.544
3.112
3.343
3.785
3.914
3.379
2.89
3.461
2.879
3.255
2.916
2.581
2.164
2.513
2.958
3.272
3.335
2.899
2.676
2.37
2.288
2.734
2.664
2.618
2.615
3.002
1.803
1.516
2.681
3.511
2.805
3.154
3.402
3.821
4.08
3.194
2.478
1.478
1.279
2.265
2.003
1.818
2.33
2.285
.973
1.008
1.385
1.086
1.395
1.895
1.78
1.677
1.645
.973
1.757
2.512
2.116
1.673
2.685
1.575
.909
1.966
1.699
1.832
1.581
3.205
1.872
1.833
2.148
.819
1.407
1.098
1.134
.614
.323
.794
.813
.787
.608
.524
.784
.368
.432
.904
.779
1.275
.7
1.303
1.389
1.552
1.099
.084
.451
.289
.449
.366
.824
.858
1.408
1.115
.983
.88
1.196
1.142
1.672
1.416
1.447
.496
.776
1.199
.878
1.041
1.679
1.362
1.337
1.838
1.759
1.805
1.998
2.459
3.199
2.837
3.48
3.279
3.487
3.852
4.036
3.723
3.457
3.533
3.586
4.273
4.598
4.652
4.1
3.189
2.949
3.192
3.018
2.862
4.032
4.166
4.36
3.905
4.25
3.817
4.274
4.809
4.719
4.319
4.181
5.09
5.026
4.786
4.636
4.439
5.372
4.713
4.735
5.889
5.047
5.162
5.156
4.253
3.998
4.655
4.532
4.969
4.839
5.628
5.596
5.371
4.542
4.701
5.169
5.646
4.928
6.26
7.24
7.55
7.17
5.713
5.153
5.691
5.148
6.95
7.42
6.79
7.2
7.56
7.1
7.22
7.27
8.07
7.27
8.32
7.23
7.59
7.48
6.999
7.34
8.27
7.77
8.02
7.58
6.929
7.88
7.1
7.73
8.5
8.16
9.38
8.49
8.25
8.62
8.72
9.03
9.08
8.61
8.21
8.99
8.16
8.41
7.23
7.17
7.84
8.04
7.99
8.57
8.98
8.04
9.13
8.19
9.08
8.26
7.5
7.7
7.85
7.28
7.33
8.27
7.76
7.14
7.91
7.45
9.28
9.19
8.29
7.09
8.69
8.54
7.75
8.75
8.46
7.85
8.13
7.83
7.72
8.51
8.26
8.48
8.29
8.23
6.896
7.24
7.64
7.53
8.34
8.45
7.98
7.92
6.709
7.66
8.26
7.74
7.28
7.2
7.18
8.33
7.72
7.21
5.941
6.433
7.27
7.35
7.64
6.999
6.072
5.966
6.435
7.3
6.519
5.986
7.15
6.569
6.934
6.819
6.835
6.414
6.806
6.989
6.294
6.511
4.911
5.498
6.122
5.556
5.897
6.075
5.578
5.078
5.028
5.299
5.351
4.817
4.371
4.76
4.718
5.267
4.667
4.787
6.258
6.208
6.628
5.737
5.572
5.316
5.055
4.583
4.818
5.767
5.498
6.849
6.272
5.587
5.621
5.304
4.777
5.922
5.246
5.512
5.826
4.926
5.273
5.524
6.535
5.016
5.276
4.801
5.186
5.009
4.885
5.673
6.262
5.801
5.777
5.04
5.437
5.935
5.485
6.056
5.804
6.04
5.552
5.023
5.688
5.669
5.94
5.363
4.623
4.861
4.911
5.293
4.976
5.606
5.481
4.879
4.935
5.349
5.074
5.15
4.725
4.75
4.79
4.218
4.205
3.497
4.054
4.073
3.986
4.286
3.993
4.19
4.063
3.961
4.505
4.727
4.268
3.669
3.466
3.865
3.544
3.588
3.532
3.833
3.119
3.504
3.632
3.813
3.606
4.289
3.653
2.822
4.036
3.458
2.734
3.717
3.58
3.835
3.193
3.147
2.947
3.149
3.466
3.108
4.034
2.978
2.742
2.629
2.614
2.623
2.561
2.769
3.305
4.059
3.179
3.026
2.652
1.729
2.605
2.492
2.85
3.03
3.285
2.796
2.359
2.341
2.228
2.388
2.36
2.277
2.424
2.491
2.486
2.35
2.569
2.833
3.137
2.368
2.04
2.07
1.921
2.069
2.05
1.536
2.394
2.525
2.128
2.589
2.147
2.557
2.419
2.333
2.678
2.5
2.677
2.966
3.204
3.453
3.439
3.307
3.221
3.368
3.497
3.422
3.551
3.573
3.732
3.151
2.876
3.274
3.766
3.351
3.574
3.246
3.503
3.173
3.135
3.363
3.435
3.191
3.605
3.092
2.696
3.285
2.804
2.6
2.778
2.699
1.935
1.915
1.99
1.906
1.934
1.991
2.223
1.729
1.814
1.608
1.874
2.045
1.879
1.749
1.641
1.86
1.723
2.057
2.099
1.865
1.91
1.778
2.409
2.716
2.354
3.077
2.714
2.331
2.452
2.418
2.52
2.436
2.55
2.579
2.461
2.502
2.165
2.627
2.602
2.706
2.742
2.681
2.864
2.982
3.267
2.72
2.302
2.83
3.271
2.918
4.065
4.014
3.54
3.542
3.79
3.51
3.002
2.265
2.58
2.659
2.503
3.057
3.098
2.672
2.621
2.586
2.762
2.452
2.838
2.784
3.047
3.246
3.174
2.976
2.47
2.714
2.678
2.432
1.963
1.863
1.883
1.634
1.673
2.152
2.518
2.23
2.099
2.444
2.315
1.843
2.23
2.423
2.652
2.815
2.967
3.133
2.976
2.615
3.28
3.299
3.254
2.053
2.446
2.169
2.737
1.936
2.497
2.205
2.433
3.022
2.694
3.247
3.022
2.339
2.875
3.128
3.105
3.517
3.62
2.82
3.482
3.794
3.898
3.693
3.66
3.782
3.244
3.104
3.095
2.911
2.692
2.348
2.577
3.053
3.049
2.16
3.049
2.599
2.093
2.601
2.545
1.891
1.964
2.732
2.697
2.598
3.108
2.738
2.674
2.65
2.731
3.405
3.381
3.696
3.604
3.622
4.109
3.496
3.06
3.459
3.259
3.099
2.815
3.067
3.474
3.36
3.526
3.603
3.434
3.371
3.214
3.312
3.788
3.03
3.158
3.311
3.868
4.289
3.901
4.164
4.596
4.304
4.182
4.273
4.484
4.808
4.928
4.211
3.959
5.048
4.221
4.029
4.667
5.372
4.691
5.193
4.825
5.423
5.104
4.768
4.936
4.572
4.361
4.516
4.544
4.981
5.191
5.187
5.36
3.815
4.87
5.166
5.087
5.858
4.911
4.586
4.679
4.561
3.981
5.047
4.681
5.048
4.501
4.802
3.879
3.502
3.287
3.062
2.888
2.664
2.632
2.459
2.73
2.563
2.636
2.791
2.586
2.467
2.333
2.552
2.65
2.443
2.36
2.94
2.909
2.889
2.912
2.785
2.565
2.899
2.674
3.009
3.113
3.217
3.018
2.992
3.13
3.035
2.752
2.631
2.988
2.652
2.486
2.42
2.202
2.537
2.919
2.83
3.205
2.996
2.849
2.779
2.462
2.548
2.574
2.1
2.214
2.142
2.571
2.687
2.932
3.202
3.2
3.151
3.065
2.793
3.009
3.063
3.078
2.935
2.855
2.937
2.769
2.616
2.886
2.879
2.833
3.111
2.915
2.939
2.822
2.969
2.797
2.644
2.682
3.083
3.067
2.979
3.136
3.228
3.297
2.944
2.704
2.353
2.503
2.493
2.725
2.652
2.582
2.915
2.804
2.656
2.645
2.176
2.391
2.995
3.19
2.809
2.393
2.388
2.086
1.896
2.173
2.4
2.029
2.135
2.084
2.114
2.447
2.671
2.698
2.976
2.968
2.965
3.013
2.843
3.302
3.061
3.203
3.15
3.182
3.249
3.771
3.789
3.654
3.466
3.541
3.27
3.27
3.057
2.946
3.186
3.189
3.444
3.259
3.034
2.671
2.811
3.055
3.496
3.347
3.425
3.517
3.623
3.683
3.348
3.487
3.467
3.925
3.543
3.483
3.378
3.25
3.1
3.343
3.106
3.056
3.33
3.652
3.618
3.007
3.277
3.469
3.373
3.437
3.085
2.721
2.806
3.423
3.073
2.995
3.409
3.903
3.133
3.562
3.813
3.704
3.999
4.218
3.97
3.734
4.293
4.167
4.323
4.124
4.002
3.619
3.766
3.54
3.226
3.478
3.979
3.838
3.734
3.668
4.628
4.447
4.56
4.523
5.237
4.477
4.957
4.001
4.846
4.678
4.455
4.863
4.549
5.07
5.037
5.162
4.957
5.1
4.735
5.34
5.232
5.504
5.699
5.928
5.292
6.15
5.422
6.244
5.467
5.217
5.044
5.707
5.298
5.982
5.618
4.892
5.543
5.279
5.866
6.051
6.536
6.097
6.405
6.496
5.599
5.937
5.575
5.58
5.909
5.805
6.454
5.566
5.677
6.256
6.664
5.676
5.595
5.614
5.597
5.411
5.768
5.676
5.755
5.426
5.578
5.115
6.097
5.666
5.628
6.371
5.496
4.632
6.341
5.457
5.277
5.526
5.72
5.711
5.864
5.619
5.566
5.873
5.14
4.809
4.841
4.774
4.675
4.549
4.2
3.443
3.17
3.318
3.804
3.75
3.723
3.647
4.06
4.22
4.261
3.661
3.389
3.989
4.307
4.179
4.09
3.945
3.925
3.97
4.324
4.796
5.205
5.402
5.393
5.442
4.979
4.911
4.763
4.864
5.063
5.422
5.71
5.293
5.194
4.743
5.093
5.695
5.913
5.604
6.001
5.686
5.704
5.742
5.592
5.444
5.561
5.394
4.946
4.739
4.96
5.166
5.216
5.274
5.65
5.501
5.469
5.53
5.509
5.073
5.24
5.477
5.317
5.674
5.801
6.093
5.457
5.331
5.148
4.724
4.764
4.755
4.471
4.297
4.738
4.328
4.614
5.068
5.94
5.648
5.258
5.696
5.43
5.318
5.408
5.686
6.118
5.682
5.649
5.653
5.975
6.453
5.839
6.095
5.689
5.799
5.859
5.666
4.945
5.072
4.569
4.837
4.39
4.068
4.441
5.048
5.577
4.817
4.456
4.885
5.235
5.13
4.846
4.679
4.385
4.751
5.23
5.29
5.276
5.278
4.914
5.546
5.379
5.092
4.94
4.491
4.501
4.362
4.231
4.011
4.556
4.85
4.76
4.681
5.137
5.285
5.599
6.238
6.102
6.362
6.579
6.011
5.932
5.787
6.132
5.727
6.211
6.326
5.593
5.342
5.501
5.111
5.668
5.449
5.358
4.652
4.338
3.889
4.354
4.555
5.052
4.863
4.678
4.195
4.064
4.167
4.29
4.025
4.471
4.45
4.372
4.555
4.512
5.232
5.377
5.1
4.923
4.866
4.702
4.658
4.345
3.874
3.448
3.952
4.331
4.006
4.151
4.576
4.77
4.799
4.85
5.241
5.071
4.976
5.106
4.764
4.944
5.128
5.02
6.113
5.673
5.962
6.048
6.395
6.715
6.775
7.03
7.51
7.45
8.39
8.64
8.03
7.18
7.27
6.429
7.52
7.12
6.983
7.19
7.26
6.705
6.833
8.05
7.86
6.521
7.71
6.611
6.274
6.73
7.07
5.619
5.57
6
5.865
5.799
6.229
5.709
5.453
5.343
5.887
5.024
4.538
3.804
4.325
4.348
4.823
4.732
4.217
6.416
6.115
8.03
7.41
6.491
6.135
6.809
5.78
5.365
5.123
6
6.64
6.469
7.61
6.494
5.61
5.471
6.493
5.545
5.944
5.65
5.231
6.344
5.518
4.905
4.54
4.509
4.246
4.581
4.241
3.859
4.063
3.793
3.416
3.772
3.796
3.675
3.354
3.489
2.996
2.972
3.224
3.175
3.392
3.719
4.024
3.339
3.456
3.043
3.471
3.962
3.895
3.635
2.805
2.406
2.848
3.181
4.09
4.355
3.418
2.818
2.235
2.191
2.095
1.711
1.073
1.245
1.529
1.678
2.02
2.305
2.434
2.688
2.483
2.183
1.855
3.694
4.965
4.377
3.521
3.38
4.102
4.049
4.113
3.883
4.096
3.477
3.081
2.971
3.383
3.176
2.784
2.949
2.816
3.165
3.82
3.746
3.233
3.527
3.106
2.439
2.703
3.149
3.285
2.897
2.523
3.183
2.821
2.695
3.183
2.417
2.458
2.624
2.453
2.883
3.163
2.993
2.972
2.927
3.211
3.416
3.437
3.527
3.231
2.76
2.089
2.181
2.25
2.264
2.315
3.195
3.202
3.196
3.417
2.943
2.789
2.577
2.503
2.381
2.686
2.426
2.322
2.226
2.325
2.256
2.238
2.097
2.252
2.232
2.111
1.617
1.561
1.602
1.775
2.07
2.134
2.063
2.034
2.028
2.09
2.35
2.412
2.467
2.157
2.67
2.024
2.484
2.8
2.653
2.402
2.093
1.88
2.106
2.248
1.955
2.097
2.158
2.36
2.511
2.693
2.772
2.591
2.52
2.854
3.144
2.789
3.032
2.933
2.618
1.807
1.835
1.261
1.028
1.384
1.378
1.405
1.729
1.944
1.774
1.803
2.138
2.285
2.402
2.22
1.725
1.853
1.903
1.903
2.141
2.415
2.632
2.229
2.162
2.499
2.268
2.083
1.779
1.524
1.811
1.555
2.066
2.928
2.933
2.673
2.798
2.581
2.894
2.84
2.772
3.096
3.228
2.628
2.232
2.104
2.162
2.491
2.262
1.719
1.968
1.911
2.334
2.37
2.388
1.82
1.184
1.674
2.046
2.053
2.293
2.304
2.138
2.663
3.022
2.671
2.88
2.107
2.42
2.5
2.432
2.994
3.055
2.956
3.428
2.892
3.456
3.54
3.692
3.668
3.45
3.248
3.4
3.671
3.137
3.313
3.991
3.061
3.667
3.555
4.134
3.507
3.374
4.036
4.247
3.892
4.181
3.718
3.379
3.652
4.191
4.052
3.98
3.961
4.681
4.311
5.419
4.226
4.42
4.518
4.115
3.924
4.759
5.137
5.639
5.256
4.039
4.526
3.361
2.818
3.633
4.402
3.832
4.29
4.324
4.017
3.129
2.996
3.345
3.389
3.361
3.01
3.257
2.932
3.071
2.609
2.338
2.417
1.85
1.789
1.6
1.7
2.23
2.232
2.399
2.71
2.451
2.346
1.619
1.2
1.725
2.25
2.88
1.87
1.731
1.924
1.99
2.164
2.773
1.767
.932
.465
.462
.047
.398
1.687
1.939
1.507
1.229
1.655
2.044
2.641
2.974
3.291
3.494
3.274
3.269
3.312
3.634
3.65
3.552
3.291
3.359
3.26
3.259
3.509
3.666
3.656
3.924
3.692
3.56
3.933
3.498
3.567
3.796
3.559
3.292
3.139
3.211
3.119
2.986
3.122
3.146
3.509
3.266
3.555
3.886
3.426
3.478
3.288
3.237
3.451
3.473
3.546
3.338
3.207
3.182
3.467
3.386
3.403
3.674
3.685
3.935
4.471
4.435
4.236
4.192
4.28
4.081
4.353
4.069
3.957
3.346
3.44
3.481
3.268
3.356
3.468
3.897
4.085
3.595
3.773
3.895
3.932
3.8
3.687
4.102
3.982
3.56
3.535
3.852
3.731
3.465
4.17
3.83
3.745
3.896
4.085
4.348
4.076
4.084
4.102
4.063
3.587
3.557
3.543
2.864
2.773
3.186
3.139
2.762
2.805
3.137
3.19
2.764
2.683
2.714
2.548
2.548
2.735
2.872
2.737
2.703
2.778
2.577
2.608
2.56
2.202
2.284
2.646
3.237
3.25
3.24
3.31
3.18
2.951
2.709
2.633
2.571
2.504
2.525
3.156
3.332
3.646
3.671
3.664
3.884
3.744
3.683
3.566
3.393
3.073
3.266
3.619
3.625
3.403
3.411
3.428
3.255
3.412
3.448
3.547
3.715
4.37
3.775
4.344
4.179
4.121
5.164
4.874
4.859
5.491
5.662
5.94
5.522
6.03
6.122
5.849
5.954
5.199
4.919
5.216
5.631
5.838
5.184
5.362
5.458
5.854
5.709
5.6
5.407
5.693
6.19
6.014
5.728
4.989
5.551
4.983
4.691
4.578
4.301
4.724
4.152
4.384
4.321
4.447
4.731
4.607
4.261
4.786
4.143
3.36
3.789
3.493
3.237
2.887
3.168
2.618
3.112
2.138
3.263
2.947
3.508
2.91
3.271
2.547
3.209
2.498
3.269
3.204
3.224
2.694
3.257
2.768
3.372
3.275
3.584
3.115
3.214
3.273
3.649
2.935
3.297
2.892
2.871
3.131
2.719
3.328
2.973
2.833
3.307
3.28
3.116
2.891
3.403
3.289
3.505
3.169
3.534
3.409
3.661
3.744
3.728
3.697
3.602
3.545
3.763
3.259
3.433
3.609
3.353
2.984
3.298
3.684
3.627
3.309
3.454
3.479
3.36
3.453
3.271
3.438
3.343
3.451
3.632
3.412
3.371
3.261
3.238
3.309
2.813
3.015
3.028
3.22
2.987
3.129
3.245
3.194
3.528
3.732
3.444
3.128
3.493
3.965
4.096
4.07
3.505
3.486
3.725
3.766
3.735
3.594
3.413
3.667
3.809
3.477
3.574
3.597
3.905
3.481
3.782
3.45
3.229
3.162
3.591
3.883
3.974
3.632
3.675
3.37
3.427
3.062
2.816
2.693
2.649
2.694
2.777
2.52
2.452
2.206
2.359
2.338
2.166
2.412
2.224
2.192
2.136
1.989
2.128
2.093
2.282
2.219
2.257
2.034
1.898
1.887
1.825
1.879
2.165
2.174
2.3
2.589
2.467
2.816
2.203
2.404
2.664
2.58
2.309
2.392
1.954
2.214
2.147
2.125
2.669
2.473
2.545
2.488
2.315
2.39
1.816
1.6
1.708
1.484
1.446
1.51
1.972
1.71
1.802
1.858
1.725
1.551
1.611
1.788
1.689
2.034
1.944
1.404
1.2
1.143
.979
1.168
1.631
1.686
1.786
1.602
1.422
1.533
1.534
1.578
1.783
1.691
1.548
1.267
1.354
1.402
1.298
1.424
1.108
.668
.824
.98
1.276
2.035
1.874
1.525
1.899
2.014
2.229
1.939
2.329
2.385
2.406
2.477
2.296
2.131
2.165
2.731
2.583
2.246
2.359
2.38
2.476
2.36
2.476
2.294
1.927
1.49
1.376
1.584
1.435
1.249
1.551
1.265
1.332
1.374
1.452
1.65
1.725
1.643
1.588
1.434
1.437
1.056
1.077
1.17
.911
1.309
1.348
1.662
1.85
1.984
1.891
2.053
1.695
2.312
2.155
1.711
1.698
2.334
2.164
2.085
2.255
2.17
2.207
2.508
2.417
2.392
2.231
1.844
2.003
2.122
2.264
1.922
1.997
2.201
2.36
1.768
2.139
1.581
1.757
2.578
2.508
2.375
2.002
2.288
2.007
2.342
2.306
2.89
3.219
3.417
3.751
3.496
3.314
3.521
3.201
2.822
3.661
2.421
2.861
3.556
2.537
1.519
2.79
2.432
1.926
2.171
2.759
2.924
2.462
3.079
2.957
2.25
2.565
2.729
3.237
2.376
2.709
2.916
2.514
2.115
2.287
1.857
1.78
1.922
1.982
1.769
1.487
1.387
1.805
1.836
1.79
1.818
1.949
1.906
1.872
2.035
2.505
2.572
2.47
2.337
2.138
1.856
6.828
8.04
6.081
6.178
6.149
6.418
6.489
6.28
5.717
5.551
5.607
6.539
7.35
7.03
8.3
6.334
6.456
6.95
6.723
6.713
6.405
5.676
6.354
6.036
6.574
6.984
6.017
6.47
5.365
6.424
6.411
6.164
5.762
5.986
6.012
6.117
5.771
5.764
6.127
5.078
5.095
4.644
5.513
4.595
4.681
4.504
4.554
4.603
4.384
4.87
4.282
4.461
4.461
4.736
4.315
4.637
5.258
5.12
4.863
4.649
5.181
4.601
4.396
4.613
4.39
5.055
5.274
4.191
5.122
4.742
5.119
4.519
4.115
4.303
3.524
4.239
4.235
3.792
3.509
3.843
3.25
3.517
3.755
3.826
3.207
4.118
4.043
4.099
3.748
3.223
3.062
3.238
3.431
4.433
4.3
4.059
4.754
4.774
4.26
3.676
3.424
3.573
3.788
4.837
4.232
4.541
4.806
5.406
4.672
5.413
5.733
5.531
6.25
5.989
5.028
5.895
5.602
5.63
4.291
5.279
4.652
5.544
4.713
4.944
4.736
4.507
4.117
4.471
4.346
4.52
4.07
3.52
3.81
4.177
3.865
4.043
3.675
3.455
4.152
3.707
3.373
2.996
3.473
3.675
3.08
3.735
3.39
2.991
3.756
3.495
3.334
3.547
3.685
3.789
3.647
3.776
3.63
4.281
3.548
3.353
3.474
3.638
2.619
2.593
2.786
2.962
3.408
3.171
2.919
2.321
2.265
2.627
2.659
2.957
3.25
2.944
2.891
2.858
2.872
2.819
2.999
3.278
3.439
3.018
3.381
3.222
3.173
3.073
3.2
3.099
2.858
2.514
2.676
2.188
2.501
2.788
2.268
2.872
2.563
2.414
2.993
2.888
2.902
2.907
3.092
1.91
2.504
2.571
2.038
2.627
2.606
2.909
2.534
3.057
2.655
2.289
2.555
1.928
2.648
2.426
2.394
2.848
2.615
1.949
2.675
2.61
3.006
2.489
2.827
2.403
2.646
2.056
2.426
2.607
2.281
2.321
3.194
2.633
2.998
2.678
3.013
2.569
2.943
2.565
2.42
2.502
2.214
2.496
2.542
2.955
2.657
2.356
2.292
3.173
3.925
3.35
3.272
3.668
3.171
3.91
3.967
5.17
4.738
4.63
5.218
5.238
4.382
4.887
4.978
5.753
5.36
5.006
4.494
4.367
4.335
4.148
3.596
3.614
3.169
3.561
3.189
2.879
2.838
2.161
2.317
2.651
2.568
2.824
2.962
2.145
2.455
2.698
2.743
3.325
3.061
3.035
3.502
3.278
3.283
3.319
2.561
1.725
1.778
1.964
2.71
2.716
2.764
2.683
2.204
1.864
1.821
1.961
2.599
2.915
2.818
3.522
4.097
5.036
4.66
3.549
3.111
4.413
4.661
3.954
3.748
3.998
4.605
3.277
4.447
6.152
6.046
5.729
4.75
5.362
5.272
5.125
5.308
5.589
4.447
4.995
4.712
4.865
4.738
4.344
3.743
4.213
3.829
4.475
5.019
5.184
5.302
5.225
4.773
5.116
5.106
5.307
4.832
5.297
4.113
5.281
4.428
3.698
3.497
4.494
3.559
2.527
3.033
3.486
5.137
4.432
4.679
4.914
4.912
5.135
5.201
4.978
3.8
3.718
4.203
4.363
3.619
3.451
3.219
3.878
4.448
4.093
3.41
3.494
4.593
4.944
4.787
4.158
3.449
4.26
3.951
3.901
3.878
4.095
5.636
5.858
5.299
4.454
4.161
4.211
3.627
4.404
4.662
4.17
4.75
4.708
4.263
4.869
4.861
4.82
4.812
4.863
5.175
6.566
5.021
5.748
5.843
5.698
4.43
5.875
5.408
4.416
4.405
5.499
5.137
4.495
4.815
4.862
5.553
5.574
4.816
5.213
4.356
3.749
4.356
4.439
4.954
5.043
5.465
4.484
4.447
5.269
4.944
5.489
4.384
4.1
4.16
4.821
4.662
5.031
4.932
4.944
4.903
4.463
4.768
4.636
4.779
5.007
5.528
5.133
5.505
5.171
5.79
6.236
6.197
5.919
6.433
5.622
6.166
6.42
6.481
7.22
7
7.19
7.16
7.31
7.25
7.21
6.296
6.38
7.19
6.909
8.73
8.48
9.23
8.21
10.26
10.94
10.43
9.96
11.4
10.96
10.48
11.69
10.89
11.31
11.27
11.83
11.59
12.36
13.58
12.01
13.35
13.06
11.64
10.2
11.95
11.81
11.88
12.22
10.63
10.56
11.19
10.26
11.16
10.65
9.83
10.66
12.82
11.65
10.6
10.38
11.02
12.95
12.02
12
11.12
9.74
9.06
12.1
11.96
12.51
12.74
13.67
13.1
12.9
10.79
11.12
10.52
10.4
8.98
12
13.21
12.19
10.22
9.64
11.27
11.87
11.48
12.06
11.71
9.79
11.52
11.14
11.5
10.8
10.88
9.68
8.5
8.03
8.69
9.15
7.45
7.21
6.885
5.528
5.254
5.036
4.85
5.068
5.156
5.394
5.416
5.279
5.041
5.115
4.733
4.921
4.652
4.576
4.818
4.906
5.367
5.134
5.006
4.809
4.476
4.073
3.367
3.061
2.502
2.77
3.111
3.393
3.615
4.136
4.39
4.469
4.992
5.109
5.133
4.89
5.237
5.379
5.884
5.752
5.732
6.095
5.657
5.542
5.551
5.616
5.719
6.258
6.237
5.813
6.214
5.785
5.917
5.641
6.261
6.19
5.714
5.677
5.258
5.744
6.063
6.112
5.965
5.655
5.389
5.612
5.323
5.624
5.888
6.041
6.057
5.58
6.039
6.409
5.89
6.186
5.585
5.048
4.37
3.701
3.916
3.675
4.16
3.825
4.495
6.631
5.596
5.149
4.92
4.729
4.187
3.562
3.965
4.263
4.184
4.571
4.903
4.756
4.57
4.219
4.563
4.159
4.313
4.323
4.368
4.033
4.003
4.274
4.195
4.247
3.988
3.412
3.247
3.234
3.971
4.518
4.163
4.615
4.434
4.385
4.536
4.884
4.167
3.927
3.858
4.059
4.4
4.197
3.89
3.391
3.16
3.017
2.456
2.648
3.003
3.614
3.844
3.634
3.718
4.041
4.085
4.188
4.056
4.433
4.49
4.12
4.801
4.503
4.797
5.062
5.041
5.417
5.279
4.495
4.499
4.077
4.429
4.202
3.754
3.485
3.698
3.796
3.819
3.982
3.683
3.63
3.395
3.409
3.382
3.379
3.887
4.16
3.822
4.096
3.619
3.421
3.364
3.829
3.928
4.373
4.77
4.689
4.424
4.476
4.749
4.483
5.116
6.223
5.85
6.076
6.913
6.431
6.228
6.622
6.188
5.804
5.91
6.267
7.38
8.62
8.4
8.29
8.81
10.08
10.84
10.39
9.94
10.98
9.38
10.23
9.45
10.54
12.05
11.91
12.82
15.15
13.59
13.99
13.43
14.45
14.27
13.12
15.95
14.2
14.64
14.6
13.74
13.34
15.91
14.24
12.96
12.83
16.06
14.55
15.06
16.14
14.94
15.46
14.33
14.56
14.21
14.79
13.52
12.42
14.1
13.98
14.95
13
12.45
12.84
15.36
14.89
12.43
13.18
12.54
14.7
13.45
12.64
12.88
11.91
10.33
10.97
11.91
11.56
10.94
10.3
10.65
9.97
8.19
8.97
9.83
9.04
8.1
8.83
9.3
8.16
8.76
8.31
6.935
7.41
8.07
7.68
7.93
7.39
7.78
8.64
9.15
8.36
8.6
9.64
10.38
8.69
8.69
8.68
10.33
10.2
10.76
9.21
9.3
10.85
10.03
10.13
9.84
10.13
9.44
7.86
9
10.78
10.27
9.08
8.67
7.81
6.583
8.89
8.67
7.78
7.62
8.13
9.85
8.84
9.21
9.25
8.24
9.12
8.67
8.2
7.78
8.48
9.09
8.57
9.31
9.47
8.64
8.87
8.68
8.58
7.76
7.5
8.42
8.23
8.82
7.33
8.43
8.27
7.52
7.48
7.61
7.4
6.571
7.56
8.52
7.44
7.11
6.807
6.765
6.847
5.433
5.492
5.608
5.673
6.23
5.952
5.937
7.07
7.66
7.62
7.34
6.949
6.364
7.69
6.755
7.33
7.56
6.342
6.533
6.42
5.601
5.247
5.236
4.876
5.985
5.188
4.671
3.835
3.487
3.487
4.199
2.861
2.754
3.375
3.992
3.468
3.464
4.307
4.733
4.096
3.158
3.638
4.504
5.331
5.244
4.358
4.212
4.344
4.465
4.908
5.554
4.924
4.598
4.994
3.667
4.771
4.415
5.291
5.565
5.072
4.315
4.224
4.791
4.553
3.421
4.426
3.984
3.817
4.141
3.441
3.869
3.89
3.34
3.308
3.356
3.052
3.244
3.286
2.547
2.258
1.672
1.978
1.682
1.738
2.117
2.101
2.074
1.979
2.066
1.928
1.686
1.592
1.419
1.537
1.441
1.478
1.41
1.366
1.333
1.604
1.683
1.675
1.72
1.669
1.511
1.569
1.434
1.553
1.398
1.368
1.821
1.539
1.277
1.458
1.384
1.212
.958
1.142
.51
.504
.589
.657
.765
.505
.253
.068
.557
1.142
.91
.96
.283
2.11
1.473
.563
1.982
1.543
.757
1.138
1.652
1.349
.462
1.487
1.383
.555
1.222
.951
.342
.888
.975
.641
.95
2.166
1.505
1.703
1.759
.869
1.335
1.45
.656
.791
.747
2.283
2.121
1.216
.844
1.932
2.157
1.467
2.544
2.049
2.148
2.886
3.163
2.495
2.958
2.177
2.55
2.909
2.387
2.056
2.516
2.579
2.917
1.815
3.326
2.487
2.809
2.396
2.687
2.188
2.081
2.565
1.832
2.382
1.634
2.162
2.519
2.326
2.288
2.389
1.57
2.17
1.444
1.5
2.136
2.345
2.755
1.67
2.333
2.313
1.672
2.774
2.208
2.089
2.379
1.845
1.838
2.197
2.638
2.346
2.813
2.875
3.08
3.023
2.531
2.681
2.035
2.313
2.088
2.225
2.362
2.046
2.086
2.454
2.472
2.493
2.343
2.097
1.935
2.35
2.245
2.159
2.104
2.323
2.02
1.826
1.916
2.266
1.783
1.797
2.043
1.839
2.173
2.446
2.289
2.466
2.365
2.426
2.215
2.118
1.906
1.782
1.785
1.676
1.694
1.598
1.693
2.026
2.053
2.481
2.175
2.335
2.612
2.918
2.931
3.032
2.833
3.053
2.796
2.515
2.585
2.123
2.296
2.429
2.676
2.274
2.557
2.582
2.75
3.034
3.045
3.024
3.128
3.208
2.597
3.392
3.83
3.419
3.882
3.15
3.704
3.535
3.371
3.418
2.63
2.707
3.019
2.848
2.496
2.848
2.67
2.701
2.714
2.321
3.533
2.904
2.238
2.315
2.269
2.191
2.156
2.38
2.37
2.363
2.327
2.025
2.394
2.6
2.255
2.021
2.078
2.326
2.164
1.808
1.527
1.655
1.707
1.826
1.994
2.101
2.154
1.994
1.838
1.39
1.224
1.756
1.415
1.193
1.219
1.278
1.273
1.284
1.065
1.326
.877
.88
1.405
.892
.578
.955
.799
.388
.394
.062
.238
.407
.231
.383
.139
.203
.084
.368
.042
.015
.02
.009
.109
.539
.263
.154
.666
.543
.276
.073
.442
.093
0
0
0
.108
.516
.076
0
0
.002
.243
.137
.116
.002
.012
0
.059
.386
.616
.941
.586
1.136
1.396
1.263
.92
.465
1.333
1.164
1.503
1.388
1.725
1.348
1.338
1.606
.838
.886
.165
.93
1.14
1.313
.848
.843
1.62
.627
1.007
1.297
1.77
.834
1.451
.655
1.543
1.531
1.032
1.945
1.498
2.05
2.073
2.087
1.682
2.628
2.145
2.258
2.157
2.358
1.607
1.944
2.483
2.174
2.454
2.666
2.14
2.258
1.913
2.173
1.899
1.111
1.24
1.653
1.66
1.149
1.727
1.436
.977
1.487
.931
.652
1.987
1.814
1.348
1.279
1.976
1.178
.874
1.886
1.65
.817
1.668
1.644
2.143
2.151
1.545
1.285
1.295
1.473
1.624
1.514
1.824
1.361
1.56
2.066
2.246
2.161
2.294
2.048
2.131
2.606
2.179
2.813
2.757
1.981
2.404
2.642
2.437
2.219
2.116
2.222
2.286
2.416
2.693
2.564
2.454
2.532
2.479
2.39
2.67
2.66
2.318
2.372
2.587
2.868
2.715
3.039
2.97
3.042
3.4
3.418
3.664
3.429
3.244
3.452
3.288
3.362
3.484
3.762
4.043
3.517
3.496
4.133
4.163
4.013
3.774
3.732
3.773
3.4
2.685
2.592
2.911
2.829
2.71
3.03
2.91
3.023
2.813
3.009
3.572
3.216
2.753
3.266
3.498
3.498
3.348
3.491
3.073
3.039
2.164
2.614
2.772
2.713
2.843
2.737
2.672
2.803
2.908
2.922
2.572
2.799
3.01
3.232
3.118
3.008
2.818
2.832
2.709
2.972
3.214
3.133
2.916
3.06
3.031
2.967
2.503
3.19
3.035
3.065
2.831
2.566
2.688
2.299
2.439
2.217
2.438
2.282
2.359
2.477
2.474
2.495
2.492
2.218
2.136
2.406
2.544
2.084
2.037
2.244
2.213
2.153
1.728
1.549
1.736
2.026
1.623
2.158
1.671
1.704
1.639
1.502
1.304
1.887
2.082
2.038
1.877
1.808
1.854
1.771
1.444
1.24
1.175
1.738
2.229
2.274
2.35
2.291
2.214
2.312
2.433
2.465
2.071
1.601
2.228
2.144
1.861
2.58
2.703
2.046
1.948
2.204
2.662
2.378
2.604
2.743
3.108
2.328
2.07
2.592
3.179
2.979
2.696
2.2
1.774
1.894
1.969
2.107
1.842
1.766
2.031
2.291
2.642
3.434
3.412
3.455
3.406
2.966
3.387
3.51
3.784
4.404
4.74
4.249
4.105
4.284
4.415
3.878
4.037
5.085
5.071
4.685
4.621
4.836
4.995
4.75
4.415
4.988
4.766
4.584
4.282
5.205
5.048
4.871
5.296
5.185
4.617
4.422
4.22
4.162
4.426
3.497
3.56
3.87
4.402
4.127
4.138
4.188
3.93
3.772
3.557
3.366
3.452
3.391
3.063
2.906
3.359
3.341
3.679
3.473
2.784
3.202
3.066
3.556
3.334
3.667
3.545
3.624
3.696
3.613
3.948
2.956
3.45
3.26
3.321
3.318
3.443
3.128
3.34
3.534
3.716
3.372
2.799
3.054
3.124
3.202
3.381
3.073
3.398
3.163
3.642
3.366
3.188
3.476
2.468
2.947
2.599
3.171
2.671
2.918
2.956
2.713
2.242
2.456
2.351
2.19
2.343
2.294
2.691
2.466
2.16
2.916
2.66
2.762
2.716
2.654
2.583
2.627
2.202
2.453
2.576
2.674
2.754
2.53
2.726
2.985
3.102
3.283
3.335
3.434
3.531
3.763
3.746
3.369
3.487
3.546
3.557
3.66
3.845
3.588
3.553
3.483
3.599
3.58
3.72
3.823
4.31
4.058
3.843
3.236
3.167
4.01
3.896
3.961
4.157
4.293
4.209
4.238
4.555
4.868
4.713
3.985
3.831
4.221
4.453
4.454
4.401
4.356
4.473
4.515
4.582
4.052
4.178
4.441
4.509
4.806
4.226
4.219
4.502
4.545
4.012
4.002
4.092
3.925
3.797
4.27
4.798
4.995
4.932
4.92
4.816
5.04
4.78
4.529
4.205
4.187
3.504
3.653
3.328
3.565
3.456
3.506
3.423
3.001
3.241
3.717
3.552
3.508
3.615
3.51
3.111
3.079
3.119
2.956
2.865
2.779
2.922
3.071
3.314
3.533
3.279
2.623
2.815
2.342
2.408
2.027
1.977
1.484
2.356
2.785
2.515
3.008
3.361
3.134
3.166
3.54
3.236
3.259
2.969
3.634
3.471
3.289
3.569
2.817
2.525
3.563
3.791
4.202
4.789
4.035
3.614
3.607
3.588
3.846
3.735
3.913
3.867
3.733
3.7
3.86
4.019
3.674
4.015
4.269
3.993
4.432
4.16
3.897
3.939
3.749
3.66
3.551
3.477
3.242
3.504
3.444
4.167
4.305
4.444
4.104
3.923
3.993
4.103
4.69
5.338
5.024
4.472
4.111
4.161
4.034
3.749
3.775
3.827
3.516
3.253
3.147
2.896
3.334
3.542
3.817
3.829
4.09
4.385
4.448
4.369
4.767
5.509
5.778
5.767
4.774
4.595
5.062
4.945
5.434
5.569
6.21
6.198
5.829
4.513
4.739
4.813
4.547
4.493
4.648
5.805
7.12
7.21
6.763
6.597
7.23
5.737
5.956
6.218
6.709
5.797
6.107
6.54
7.1
7.04
5.786
6.656
6.055
5.78
6.021
6.296
6.307
5.848
5.434
5.093
4.773
4.133
5.638
4.427
3.761
4.39
6.408
7.55
6.447
5.987
5.804
6.303
5.717
6.387
6.293
6.345
6.512
5.374
5.049
5.72
5.588
4.361
5.546
4.826
5.158
5.823
5.278
5.802
6.189
5.681
5.137
5.541
5.382
4.754
6.231
6.504
6.218
5.211
5.148
5.318
5.797
6.125
5.659
5.656
4.98
3.426
3.677
2.933
2.794
3.507
3.944
3.661
3.68
3.78
3.658
4.566
4.403
3.615
3.507
3.237
2.98
3.324
3.569
3.248
3.165
3.515
3.361
3.553
3.783
3.186
3.046
2.943
3.017
3.141
3.521
3.043
2.958
2.86
3.07
3.274
3.22
3.282
3.34
3.639
3.42
3.117
4.568
4.566
4.191
5.137
4.989
4.125
4.073
3.692
3.775
4.215
3.577
3.855
4.348
4.371
4.86
5.517
4.937
5.12
5.063
4.87
4.886
4.98
5.129
5.252
5.144
5.458
5.441
5.162
5.551
6.37
5.38
4.669
4.205
4.009
4.132
5.872
6.799
7.03
7.84
7.83
8.24
7.27
7.35
7.22
6.164
6.604
7.23
7.93
8.37
7.19
7.31
7.5
7.6
7.43
7.88
7.2
7.83
7.35
7.65
7.04
7.16
6.456
6.509
6.649
6.323
5.991
5.109
5.19
5.404
5.771
6.079
5.163
6.771
6.643
7.12
6.374
6.797
6.624
6.013
5.714
5.438
5.154
4.912
5.285
5.413
4.666
4.757
4.687
4.374
4.34
4.416
5.051
5.498
5.416
5.063
5.643
5.886
5.506
5.68
4.535
5.224
4.85
5.541
5.137
5.527
5.283
4.799
5.148
4.829
4.829
4.922
4.326
4.642
4.576
4.815
4.348
4.769
4.687
4.413
4.49
4.291
3.91
3.928
3.399
3.734
4.159
4.294
4.38
3.949
3.877
3.337
4.068
4.174
5.027
4.344
3.618
3.702
3.503
3.419
3.914
4.347
4.173
4.444
3.909
4.122
4
3.786
4.169
4.24
4.425
3.967
4.364
4.865
5.465
5.64
5.741
6.498
6.705
6.099
6.388
6.895
7.82
6.019
6.697
6.703
6.955
6.739
6.989
7.13
7.21
7.01
7.52
8.61
7.66
6.9
6.823
7.72
6.717
6.201
6.645
7.58
6.979
6.519
6.534
6.272
5.844
5.521
5.161
5.715
5.764
6.181
5.391
5.392
5.584
5.334
5.717
6.055
5.071
4.34
5.062
5.946
5.48
5.452
5.17
5.021
4.708
5.165
5.236
5.492
6.027
5.386
5.571
5.796
5.261
5.158
4.923
5.297
5.168
4.212
3.763
4.534
4.687
4.462
5.182
3.84
4.895
5.478
4.478
4.547
4.565
4.864
4.477
4.331
4.61
4.329
5.026
4.633
4.86
5.026
5.18
4.99
4.344
4.79
4.797
4.523
4.673
4.855
5.453
4.968
4.64
4.049
3.679
4.488
3.911
3.545
3.634
3.554
3.708
2.909
2.695
2.24
2.488
2.402
2.4
1.955
1.681
1.513
1.737
1.923
2.249
1.843
2.357
2.424
1.923
1.514
1.94
2.578
2.296
1.652
.87
.83
.732
.746
1.408
2.11
2.277
2.408
2.504
2.601
2.294
2.079
2.401
2.449
2.512
2.676
2.603
2.473
2.52
2.508
2.139
2.526
2.316
1.983
2.348
2.202
1.884
2.1
1.874
2.011
2.393
2.529
2.601
2.755
2.509
2.243
2.26
2.16
2.055
1.921
1.812
2.062
2.421
2.38
2.567
2.648
2.513
2.286
2.415
2.383
2.527
2.305
2.401
2.436
2.521
2.223
1.672
1.609
1.609
1.902
2.159
2.1
1.928
2.08
2.275
1.897
1.605
2.315
1.913
1.929
2.73
3.627
4.764
3.882
4.85
4.91
4.561
4.409
4.572
4.478
4.264
3.651
3.802
3.299
3.652
3.242
2.426
2.039
1.851
2.401
2.561
3.059
3.371
3.32
3.034
2.845
2.957
2.629
3.66
4.22
4.295
4.307
3.732
3.353
3.114
3.676
3.888
4.089
4.418
4.612
4.63
4.354
4.25
4.612
4.302
4.518
4.203
4.014
3.906
3.514
2.965
2.842
2.898
3.096
3.011
3.64
4.011
3.335
2.756
2.836
2.976
2.558
2.226
1.877
2.139
2.51
2.742
2.321
1.777
1.333
.824
1.11
1.696
1.99
2.301
2.632
2.198
2.381
2.304
2.106
2.01
2.078
2.047
1.916
1.598
1.003
.851
1.556
1.619
1.472
1.958
2.467
2.538
2.366
2.465
2.458
2.514
2.712
3.097
3.343
3.077
2.273
1.409
1.274
1.462
1.793
1.834
1.747
2.321
2.505
2.836
3.162
2.867
3.233
3.649
2.954
2.374
2.945
3.683
3.291
4.383
4.833
4.377
4.079
4.015
4.37
5.013
3.918
4.753
4.494
4.07
3.624
4.046
4.63
3.756
4.455
4.58
4.798
4.828
4.227
3.908
4.072
3.934
3.991
3.596
3.338
3.811
3.773
3.164
2.849
3.644
3.757
3.881
3.495
3.712
4.002
3.5
3.714
3.52
3.281
2.648
2.616
3.623
3.586
3.547
3.295
3.331
3.274
3.092
3.592
3.64
3.691
4.109
3.645
4.1
4.234
4.733
3.744
4.563
4.536
4.116
3.956
3.472
4.127
4.544
3.963
4.679
4.022
4.384
4.011
3.189
3.839
3.059
2.093
2.185
2.364
2.42
2.433
2.509
2.411
1.955
1.535
1.447
1.915
2.829
3.066
3.202
3.489
3.098
3.087
3.363
3.66
3.732
3.78
3.34
2.916
3.059
3.394
3.349
2.956
3.091
3.18
3.34
3.235
3.13
3.551
4.078
3.645
3.475
3.605
3.703
3.253
3.08
3.27
3.697
3.813
3.705
3.798
3.569
3.169
3.387
3.188
3.215
3.683
3.459
3.406
2.776
2.911
3.372
3.522
3.373
3.094
3.403
3.653
3.452
3.526
3.656
3.59
3.587
3.615
3.802
3.77
3.786
3.417
3.634
3.757
3.536
3.553
3.126
2.614
3.187
3.757
3.601
3.53
3.483
3.14
3.167
3.255
3.53
3.284
3.059
3.074
3.226
3.429
3.542
3.61
3.507
3.364
3.283
3.328
3.307
3.417
3.568
3.579
3.548
3.642
3.419
3.256
3.256
3.362
3.063
3.027
2.964
2.933
3.019
3.227
3.267
2.993
2.811
2.842
3.313
3.499
3.602
3.549
3.628
3.19
3.01
2.543
2.484
2.488
2.314
2.765
2.717
2.949
2.996
3.1
3.165
2.83
1.693
1.714
1.951
1.802
1.719
1.531
1.928
2.053
2.62
3.572
3.018
2.966
3.441
3.458
3.196
2.5
2.354
.591
1.689
1.97
2.279
2.25
1.683
.596
.676
.399
.011
.329
1.274
.448
.776
.731
1.032
1.502
1.489
1.423
1.508
1.228
.789
.807
.787
.501
1.121
1.691
1.101
1.304
1.915
1.41
.57
.543
.441
.27
.034
.161
.074
.177
.334
.088
.708
.682
.986
.772
.937
1.073
1.008
.914
.895
.618
1.179
.807
.445
.363
.968
1.56
1.617
1.672
1.577
1.205
3.249
2.815
3.964
3.999
5.102
4.826
5.168
4.937
5.644
5.979
5.828
5.533
6.589
6.185
6.474
6.255
7.17
7.19
5.876
5.943
6.796
7.21
6.358
6.867
7.78
7.73
7.02
7.67
6.443
7.02
6.771
7.67
7.48
6.545
7.68
7.66
6.824
6.902
6.302
6.282
7.43
6.051
6.997
7.45
7.99
6.809
7.52
6.605
7.22
6.647
6.733
6.635
7.32
6.842
7.72
7.27
8.09
7.68
7.44
6.722
7.44
7.83
8.33
6.985
8.12
5.897
7.03
6.711
7.34
8.16
7.23
7.26
6.227
6.606
6.869
6.205
6.61
5.651
4.935
4.835
5.618
5.371
5.648
5.332
4.441
4.27
3.795
3.633
3.714
3.954
4.498
4.704
4.287
5.39
5.444
5.647
5.323
6.211
6.798
6.817
6.082
5.907
5.723
6.779
6.818
7.82
7.26
7.32
7.59
8.72
8.82
8.22
7.3
7.92
8.67
9.09
8.75
8.24
9.09
9.04
9.94
9.27
9.87
8.73
8.92
9.52
8.33
8.58
9.83
8.66
8.97
9.27
8.13
8.18
9.4
9.58
10.11
9.42
9.88
9.21
9.36
8.14
10.25
9.08
9.48
9.29
9.35
8.86
9.18
9.29
10.38
9.87
8.24
10.62
9.75
10.51
10.93
10.65
9.02
10.04
10.1
10
9.36
10.09
10.55
9.74
10.62
9.64
9.52
9.88
10.73
10.89
9.76
10.79
10.81
10.75
11.33
12.11
11.48
12.21
12.63
11.93
11.78
12.43
12.56
12.28
11.59
13.02
11.75
12.25
12.31
13.4
13.04
13.06
13.11
14.65
13.35
14.2
14.28
14.19
13.18
12.64
14.03
12.92
12.73
11.14
11.09
12.97
11.48
12.06
12.22
12.22
11.78
11.83
12.68
11.15
11.56
11.54
12.7
11.72
12.74
12.77
12.11
10.77
10.88
10.95
11.29
11.51
11.22
11.8
11.3
11.07
11.94
10.18
9.92
10.9
10.29
9.86
8.82
7.99
7.77
7.53
6.925
8.11
8.4
7.79
8.54
6.606
7.06
9.74
8.89
9.18
9.69
9.15
8.65
8.04
8.02
8.45
7.37
8.35
7.99
7.78
7.21
8.05
8.35
7.88
7.53
7.6
7.47
8.19
7.73
8.38
8.22
7.6
8.2
9.22
8.27
9.24
10.53
9.41
9.48
9.01
10.06
10.27
9.52
10.8
10.4
9.38
10.92
9.33
10.94
10.14
10.07
10.67
9.55
10.31
9.46
8.94
10.73
9.96
10.05
8.57
7.9
7.92
8.72
8.13
8.14
8.81
9.96
9.72
8.46
9.41
9.8
9.39
8.33
7.89
8.1
8.41
9.44
6.912
8.34
7.16
8.55
8.16
7.23
6.065
7.18
6.97
6.166
6.115
6.73
6.519
5.762
3.964
5.336
5.792
4.485
5.941
5.726
5.442
6.612
7.84
6.82
8.01
8.51
7.64
8.2
7.83
6.865
7.04
8.33
8.72
7.28
7.57
7.43
5.609
5.839
6.894
6.07
4.887
5.294
6.022
6.798
5.9
5.532
4.845
3.81
3.37
2.932
3.081
3.118
3.483
3.21
3.349
3.828
3.947
4.029
4.166
4.299
3.779
3.446
3.134
2.759
2.53
2.536
2.856
2.493
1.89
2.183
2.787
3.151
2.862
2.761
2.292
1.541
.79
.866
1.217
1.231
1.731
2.099
2.293
2.735
3.245
3.218
3.191
3.094
3.002
3.277
3.756
2.957
3.587
3.188
2.901
2.582
3.101
3.226
3.316
3.472
3.209
3.429
3.41
3.531
3.107
2.906
3.314
3.662
3.331
3.185
2.957
3.174
2.334
2.426
3.134
4.149
4.024
4.113
4.306
4.443
4.479
3.914
3.226
3.324
3.609
3.876
3.959
3.305
2.882
3.132
3.337
3.766
3.791
3.913
4.221
4.449
4.483
4.686
4.651
4.343
4.478
3.587
3.621
4.04
4.381
4.453
4.791
5.056
5.658
5.693
5.707
6.023
5.26
5.467
5.598
5.454
5.714
5.711
5.289
5.902
5.822
5.129
5.19
4.768
4.464
4.141
4.351
4.356
4.06
3.978
3.429
3.702
4.017
3.685
3.793
3.717
3.649
3.67
3.749
3.519
3.848
3.601
3.894
4.165
3.827
3.958
4.16
3.819
3.769
3.526
3.56
3.08
2.66
2.758
2.93
2.353
2.567
2.305
2.583
3.005
3.512
3.779
3.755
3.315
2.635
3.466
4.287
4.422
4.119
3.718
4.644
3.685
3.358
3.285
4.072
4.336
4.167
3.359
2.29
.31
.55
1.705
2.36
1.312
1.333
1.742
1.366
.897
.558
1.265
.48
1.395
1.038
1.593
1.731
1.739
2.017
2.766
3.327
3.076
3.622
3.57
4.051
3.574
3.991
3.133
3.538
3.085
2.918
2.524
2.836
3.099
3.001
2.582
2.035
2.112
1.737
2.403
2.327
1.97
2.513
1.692
1.822
1.948
2.707
2.881
2.157
3.172
2.741
3.668
2.686
2.855
2.187
2.821
2.65
2.964
2.67
2.997
3.168
2.938
3.298
2.669
2.073
2.987
2.401
2.283
2.749
2.193
2.064
2.282
2.614
1.252
.653
1.874
1.868
1.554
1.073
1.161
1.743
1.591
2.173
2.106
1.145
.88
1.063
.515
1.819
1.799
1.503
1.006
.834
1.066
1.143
.422
1.121
.853
.47
.041
.645
.712
.005
.018
.283
1.275
1.118
.436
1.037
1.175
1.555
1.901
1.431
1.419
1.48
1.867
2.279
2.404
2.212
2.392
2.733
2.536
2.038
2.044
1.805
1.938
2.661
2.444
2.808
2.371
1.86
2.437
2.833
2.359
1.912
2.177
2.135
2.411
2.697
2.759
2.617
2.663
2.474
2.575
2.841
2.891
2.76
2.869
2.976
3.226
3.176
3.401
3.097
3.089
2.987
3.128
3.079
3.354
3.457
3.308
3.1
3.144
2.238
2.091
2.245
2.162
2.373
2.48
2.062
2.364
2.491
1.944
1.618
1.574
1.797
2.386
3.033
3.587
3.914
3.956
3.818
3.944
3.616
2.537
2.226
2.227
1.828
1.002
1.608
1.139
.872
.983
.782
.59
.259
.225
.856
1.275
1.132
1.047
.732
1.126
1.762
2.185
2.375
1.891
1.917
1.47
1.241
1.275
1.341
1.471
2.069
2.31
2.332
2.273
2.384
2.604
3.168
3.549
3.74
3.351
3.38
3.487
3.466
3.854
3.894
3.835
3.731
3.693
3.628
3.474
3.427
3.433
3.24
3.128
2.143
1.925
2.007
2.268
2.55
2.35
2.554
2.611
2.775
2.883
2.873
2.952
3.445
4.023
3.824
3.619
3.479
3.419
3.623
3.691
3.886
3.765
3.592
3.607
3.413
3.244
3.131
3.738
4.311
4.141
3.734
3.656
4.052
3.973
3.914
4.203
3.962
3.884
3.839
3.507
3.034
2.888
2.918
3.136
3.299
3.385
3.376
3.492
3.58
3.375
3.21
2.809
2.671
3.339
3.693
3.729
3.609
3.431
2.894
2.925
2.925
2.857
2.78
2.529
2.36
2.295
2.247
2.132
2.46
3.033
2.331
2.361
2.275
1.721
1.165
.828
.448
.273
.125
.082
1.144
1.31
1.121
1.423
1.296
1.376
1.53
1.454
.693
1.302
1.422
1.534
1.877
2.577
2.805
2.297
3.052
2.589
2.171
2.205
2.45
2.558
2.391
2.467
2.493
2.834
2.7
3.112
3.517
4.005
3.827
4.331
3.767
3.531
3.762
3.176
4.178
3.974
4.071
4.538
4.349
4.64
4.938
5.195
4.849
5.595
4.918
4.201
3.938
3.92
5.144
4.793
5.292
4.329
4.663
4.709
4.836
5.667
5.352
4.845
5.021
3.786
3.386
3.54
3.405
3.384
3.003
3.807
3.936
3.632
3.16
3.331
3.614
4.074
2.894
2.947
2.642
2.642
2.936
2.586
1.991
1.591
1.642
1.663
1.804
1.854
2.214
2.387
2.409
1.823
1.763
2.227
2.292
1.789
1.573
1.434
1.023
1.071
1.035
.991
.973
.928
1.067
1.531
1.398
1.711
1.66
1.475
1.807
1.922
2.21
2.699
2.836
2.838
3.004
3.263
3.569
3.645
3.727
3.647
3.536
3.058
2.385
2.535
2.83
2.833
2.848
3.027
3.061
3
3.082
3.38
3.292
3.258
3.188
3.092
3.277
2.897
2.506
2.783
1.803
2.577
3.214
3.768
3.597
3.085
3.161
3.214
3.551
3.519
3.302
3.561
3.402
3.643
4.079
4.091
4.098
3.781
3.718
3.926
4.174
3.835
3.598
3.602
3.281
3.086
3.052
3.024
3.023
3.217
3.529
3.474
3.268
3.114
2.99
3.047
3.069
2.993
2.454
2.534
2.394
2.87
3.262
3.302
3.314
3.208
3.271
3.584
3.98
3.754
3.655
3.865
3.757
3.965
4.101
4.21
4.017
3.569
3.439
3.658
3.933
4.059
3.805
3.589
3.393
3.842
3.983
3.993
4.151
4.295
4.206
4.176
4.374
3.973
3.787
3.831
3.772
3.859
4.11
3.799
3.317
3.454
3.65
4.018
3.982
4.42
4.089
3.975
4.153
4.341
3.898
3.822
3.592
3.654
3.888
3.751
3.672
3.856
3.684
3.698
3.745
3.587
3.737
3.979
3.82
3.586
3.785
4.097
4.355
4.3
3.978
3.984
4.38
4.238
4.161
4.44
4.649
4.724
4.855
4.797
4.566
5.015
5.009
4.52
4.661
4.63
4.74
4.363
4.628
5.111
4.701
4.071
3.897
3.919
3.689
3.987
4.65
4.264
3.625
4.369
4.709
4.654
4.726
4.886
4.249
4.078
4.466
4.823
4.426
4.385
3.414
3.552
3.569
4.339
3.878
3.563
3.369
2.754
2.52
1.992
2.049
2.601
2.426
2.529
2.278
2.488
1.824
1.562
2.166
1.982
3.228
3.565
4.067
3.688
3.431
3.196
3.369
3.584
2.642
3.432
3.639
3.139
3.238
3.784
3.305
3.421
3.848
4.039
4.335
4.63
4.785
4.064
3.701
3.737
4
3.937
4.175
3.327
3.499
4.785
4.348
3.833
4.556
3.845
4.03
4.119
2.869
3.32
3.94
4.612
4.901
3.649
2.887
3.529
3.235
2.361
1.817
1.546
1.122
.816
1.119
.699
.768
1.137
1.35
1.367
1.335
1.245
1.429
.891
.153
0
.156
.641
.405
.174
.696
1.201
1.556
2.523
2.244
2.532
2.719
2.634
2.386
2.341
2.602
2.682
2.929
2.789
3.051
3.26
3.193
2.771
2.417
2.842
3.438
3.267
3.658
3.325
2.833
2.993
3.476
4.111
3.916
3.865
3.863
3.644
3.576
3.367
3.152
3.275
3.006
2.592
2.667
2.828
3.431
3.903
3.759
3.851
3.389
3.596
4.371
4.549
4.627
5.189
5.021
5.006
4.924
4.742
4.483
4.726
4.899
4.545
4.696
4.88
4.638
5.014
5.125
4.066
3.737
4.378
4.367
4.108
3.655
3.973
4.124
3.191
1.9
2.743
3.084
3.201
4.093
2.988
2.941
2.234
2.177
1.304
1.13
1.768
1.641
2.102
1.688
2.324
2.969
3.547
3.694
3.958
2.98
3.299
3.313
3.726
4.055
3.871
4.603
5.32
5.024
4.174
4.339
3.841
4.312
3.603
3.913
4.259
3.831
4.119
5.305
4.533
3.787
3.527
3.607
3.844
3.529
3.71
3.441
3.793
3.963
3.728
3.903
4.238
4.529
4.788
4.881
4.878
5.356
5.53
5.566
5.799
5.348
5.361
5.814
5.281
5.508
5.284
5.338
5.352
5.116
4.98
4.865
4.966
5.549
5.324
5.248
6.014
6.234
5.861
5.338
5.947
5.717
5.412
5.071
4.858
4.316
4.612
4.302
4.013
3.576
3.462
3.515
3.183
3.269
3.331
3.409
3.358
3.3
3.063
3.361
3.761
3.995
3.418
3.24
3.335
3.22
3.488
3.708
3.908
4.233
4.504
4.197
4.365
4.777
4.747
4.081
4.434
4.789
4.99
5.114
5.866
4.993
5.543
5.349
5.395
5.117
5.69
5.183
5.799
5.584
6.202
5.774
6.33
6.646
6.15
6.016
5.707
5.317
5.971
6.36
6.254
5.542
6.72
6.917
6.808
6.421
6.304
5.846
7.12
5.695
7.22
6.921
6.244
6.251
5.875
6.107
5.791
5.5
6.075
5.796
5.993
5.356
6.619
5.197
5.273
5.038
6.661
5.711
5.932
5.255
5.496
5.057
6.517
5.989
4.944
5.265
5.369
4.128
5.307
4.773
4.791
5.922
4.995
6.121
6.131
5.454
5.882
4.397
4.86
4.548
5.663
5.667
4.862
4.515
4.608
4.615
4.507
4.136
4.473
4.402
3.478
5.033
4.952
3.854
3.991
4.007
3.441
4.221
3.83
3.438
3.779
3.347
3.454
2.881
2.539
2.203
1.718
1.603
1.699
1.628
1.727
1.437
1.284
1.343
1.061
.8
1.008
1
.881
.897
.953
1.162
1.505
1.22
1.361
1.453
1.41
1.493
1.441
1.591
1.596
1.486
1.146
1.079
1.167
.933
1.121
1.066
1.386
1.601
1.309
1.031
1.232
1.47
1.455
1.3
1.24
1.741
1.341
1.208
1.276
1.513
1.775
1.781
1.634
1.585
1.8
1.923
1.788
1.877
2
1.744
1.869
1.577
1.882
1.794
1.861
2.151
2.121
2.014
1.871
1.394
1.583
1.356
1.376
1.814
1.999
1.617
1.803
1.935
1.888
1.951
1.624
1.958
2.063
1.828
1.816
1.938
1.892
1.758
1.938
1.656
1.424
1.348
1.413
1.327
.812
.297
.542
.304
.702
.966
1.119
1.213
1.511
1.559
1.447
1.628
1.785
1.6
1.935
1.838
1.379
1.213
1.156
1.143
.968
1.152
.964
.98
1.364
1.029
1.259
1.398
1.428
1.476
1.593
1.767
1.627
1.944
2.084
1.686
1.88
2.227
2.809
3.112
2.641
1.849
1.858
1.92
1.494
1.397
1.527
1.521
2.112
2.4
3.111
4.384
4.947
5.158
5.202
5.055
4.246
4.601
4.836
5.086
4.365
3.407
2.665
2.762
2.827
3.01
3.351
3.368
3.172
3.402
2.632
2.892
3.352
3.808
3.499
4.141
3.21
3.242
3.881
3.325
3.225
3.169
3.157
3.153
2.584
3.139
2.688
3.255
2.599
3.059
2.713
2.997
3.594
3.254
3.834
3.345
3.999
4.421
4.852
4.08
4.259
4.352
4.991
4.859
5.571
5.101
5.592
4.724
5.441
4.712
4.647
4.263
5.249
5.5
6.273
5.518
6.275
6.221
5.36
5.964
6.251
6.083
6.761
5.637
5.394
6.149
6.252
7.05
6.755
7.32
6.799
7.06
7.3
7.82
7.01
7.78
7.21
6.844
7.24
7.22
7.71
7.74
7.83
6.534
7.38
8.26
7.83
7.37
8.12
6.912
7.3
7.18
6.609
7.3
5.999
6.871
6.263
6.688
6.474
6.393
6.734
6.578
6.581
7.06
6.977
6.801
6.271
6.361
6.535
6.042
6.836
7.02
6.969
6.574
6.79
7.51
6.22
6.173
6.572
6.063
7.08
5.373
5.961
6.739
6.206
7.37
6.423
6.87
6.673
6.891
6.28
5.578
5.208
6.136
6.506
6.221
6.216
5.967
6.375
5.761
5.864
5.939
5.759
4.941
4.501
4.661
4.552
5.047
4.969
6.093
5.173
5.859
5.287
4.747
4.802
5.099
5.229
4.761
4.808
5.046
5.398
5.855
6.032
6.192
6.431
6.403
6.324
5.692
5.562
5.418
5.287
4.967
4.888
5.208
4.93
4.929
5.322
4.746
5.287
5.847
4.725
5.621
5.613
5.558
6.062
5.391
5.689
5.482
5.642
6.461
6.31
6.309
6.014
5.76
6.054
5.903
5.604
5.964
5.815
5.754
6.119
6.154
6.282
6.128
7.18
6.767
6.427
5.953
6.118
5.777
6.336
5.544
6.217
6.46
6.074
5.27
5.471
5.82
5.396
6.298
5.692
5.318
5.252
5.48
4.745
5.115
5.626
5.552
5.492
5.87
5.15
5.118
5.271
6.105
5.324
4.905
4.483
4.559
4.08
3.638
3.516
3.592
3.787
3.816
3.978
3.774
4.01
4.328
4.214
4.184
4.041
3.974
4.083
4.098
3.792
3.694
3.438
3.594
3.671
3.216
3.366
3.381
3.323
3.471
3.716
3.839
4.712
4.795
5.026
4.944
5.051
5.02
5.088
4.915
4.884
5.057
5.111
4.855
4.913
5.349
5.293
5.063
5.318
5.137
4.981
5.501
5.782
5.659
5.56
5.119
5.284
5.449
5.428
4.988
5.332
4.859
5.039
5.409
6.394
6.238
5.885
6.677
6.308
5.717
5.452
6.111
5.977
6.472
6.542
5.868
5.373
4.806
4.333
4.057
4.177
4.15
4.786
5.559
5.927
6.436
6.173
5.623
5.16
5.099
6.135
6.682
8.1
7.23
7.53
6.454
6.668
6.498
6.713
5.453
7.08
7.33
7.97
7.09
8.06
6.284
6.327
6.347
6.783
6.384
6.685
6.917
7.28
7.24
6.905
7.59
7.23
6.314
5.911
6.108
6.133
6.84
5.718
6.298
6.256
5.741
5.963
5.911
5.174
6.647
5.467
5.031
4.995
5.504
5.272
4.926
5.093
5.231
6.234
5.233
4.908
5.713
4.971
5.645
4.266
4.266
4.595
4.335
4.927
4.695
5.582
4.531
5.109
4.291
6.012
5.697
5.699
6.149
5.745
5.206
5.525
4.941
4.502
5.777
6.196
4.911
5.082
4.985
5.24
4.657
4.848
4.41
4.741
4.149
5.489
5
5.049
5.621
4.726
4.467
4.489
4.508
3.742
3.071
2.411
2.199
2.134
2.138
2.13
2.493
2.635
2.995
6.751
6.536
5.888
5.326
4.793
5.11
4.398
3.722
3.187
3.502
3.901
3.374
2.899
3.609
3.338
3.73
5.709
6.389
4.657
4.411
4.464
3.733
4.131
3.19
3.062
1.637
1.35
2.208
1.798
1.883
1.911
2.439
2.413
2.04
2.121
1.854
1.595
.701
.373
1.771
3.577
2.45
2.852
2.67
1.301
1.435
1.551
2.479
1.413
.519
1.916
1.972
1.585
1.759
.659
1.671
1.119
.765
1.76
1.118
1.681
.741
1.438
1.969
1.916
2.38
1.839
1.428
1.253
1.65
2.233
2.699
3.109
2.936
3.087
2.91
2.461
2.213
1.849
