4.057
3.431
3.005
3.696
2.864
2.071
2.047
2.05
2.211
2.732
2.879
3.37
3.641
3.285
2.635
2.507
2.366
2.826
3.779
5.868
9.55
5.83
2.757
2.208
.626
.699
5.02
5.397
7.09
5.836
4.367
4.975
4.661
5.096
6.706
6.257
4.744
4.625
5.332
4.757
4.306
4.255
4.685
4.223
2.942
4.334
4.183
4.701
4.495
4.391
4.612
4.762
5.126
4.993
4.857
4.788
4.914
4.767
4.687
5.281
5.001
5.122
5.529
4.759
4.354
4.105
4.369
3.986
3.663
3.444
2.917
1.942
2.774
2.821
4.492
5.793
6.541
6.133
5.658
4.935
4.548
5.259
5.084
4.481
4.284
4.885
5.315
5.155
5.335
5.216
5.065
4.588
4.459
5.971
5.823
5.982
5.528
6.336
7.18
6.088
6.39
6.007
5.857
5.072
5.617
5.507
6.239
4.859
6.138
6.037
6.746
6.141
6.741
6.445
5.868
5.661
5.827
6.383
5.092
6.317
5.344
4.553
4.775
3.847
3.603
4.559
4.44
4.416
4.963
4.874
5.253
5.626
5.359
5.432
5.829
4.712
5.363
5.335
5.435
5.864
5.147
4.38
4.388
4.545
4.786
4.64
5.135
6.148
6.146
6.933
7.49
6.892
9.06
7.89
8.96
8.18
8.52
7.84
7.59
7.8
7.21
6.593
7.05
7.05
5.929
6.084
4.968
5.498
5.27
5.01
4.666
5.439
4.722
5.36
4.772
5.024
5.548
4.318
5.414
5.628
5.229
5.567
4.718
5.682
5.554
4.973
4.319
4.608
4.66
5.379
5.531
5.046
4.965
4.523
5.294
5.629
5.615
4.853
5.483
5.324
4.722
5.616
5.438
5.538
5.66
4.437
5.352
5.431
5.209
5.661
5.414
4.685
5.864
5.918
6.504
6.605
6.064
6.087
6.009
6.076
5.7
5.192
5.747
4.914
4.625
4.605
4.43
4.867
4.306
4.456
4.786
4.634
4.368
4.087
3.901
2.807
2.845
2.561
2.638
1.951
2.066
2.018
2.191
2.258
2.329
2.463
2.314
2.02
2.048
2.11
1.906
1.703
1.87
2.127
1.87
1.799
2.073
2.415
2.207
2.006
2.041
2.442
2.752
2.596
2.277
2.405
2.211
2.161
2.248
2.158
1.822
2.045
2.461
2.581
3.037
3.149
3.402
3.589
3.7
3.857
3.629
3.359
3.944
4.154
4.078
4.206
4.825
4.731
4.031
4.253
4.405
3.989
3.34
2.981
2.781
2.961
3.36
3.157
3.121
2.586
2.127
2.66
2.994
2.598
1.841
1.829
2.066
2.193
2.199
2.491
2.353
2.182
1.957
1.822
1.553
2.115
2.599
2.735
2.72
2.87
2.877
2.913
3.191
3.405
3.313
3.426
3.286
3.353
3.354
3.032
3.137
3.207
3.307
3.119
2.796
2.545
2.585
2.843
2.758
2.876
2.934
2.881
2.671
2.64
2.818
2.982
3.317
3.128
3.331
3.397
3.741
3.905
3.766
4.059
3.937
4.156
4.064
4.139
4.545
4.374
4.448
4.123
4.325
4.331
4.369
4.445
4.554
4.485
4.469
4.379
4.481
4.113
4.528
4.665
4.522
4.479
4.415
4.471
4.402
4.615
4.783
4.995
4.616
5.167
4.609
4.351
3.784
4.047
3.863
3.95
3.926
3.886
4.16
4.386
4.206
3.235
3.538
3.212
3.3
3.457
3.542
3.494
3.433
3.026
2.629
2.373
2.368
2.462
1.363
1.592
1.294
1.228
1.393
1.221
1.505
1.228
1.356
2.114
1.216
1.789
1.245
2.806
1.696
.925
.982
1.262
.976
1.937
2.514
1.14
2.101
1.63
.995
.515
1.205
1.489
2.315
2.176
1.533
1.291
.558
.739
1.783
1.21
1.301
1.9
1.758
.752
2.641
2.352
1.653
1.724
1.734
2.008
2.231
1.465
3.108
1.971
1.935
2.003
.835
1.728
2.854
2.959
2.487
2.214
2.699
.793
1.236
1.474
3.541
2.443
2.195
2.738
1.692
2.667
2.444
2.82
2.35
3.031
2.889
1.047
.705
1.158
1.35
1.47
2.315
2.236
1.466
1.865
2.016
.516
1.078
.809
.98
1.599
1.501
1.143
1.571
1.235
.695
.328
.458
.596
1.426
.692
.443
.494
.885
1.465
1.963
1.417
1.515
1.465
1.771
1.304
1.197
.403
.005
.555
.611
.081
0
.078
.449
.955
.861
1.195
1.23
1.669
1.84
2.225
2.245
2.022
1.845
2.002
2.291
2.247
2.017
2.11
1.958
1.904
2.328
2.485
2.627
2.58
2.648
2.528
2.736
2.743
2.829
3.148
3.208
3.468
3.323
3.329
3.156
3.423
3.588
3.705
3.319
3.488
3.958
3.613
3.333
3.033
2.938
3.015
3.241
3.369
3.601
3.374
3.386
3.357
3.444
3.471
3.524
3.735
3.69
3.744
3.869
3.938
3.649
3.545
3.473
3.525
3.368
3.63
3.706
3.377
3.281
3.402
2.94
3.26
3.612
3.63
3.983
3.646
3.467
3.321
3.585
3.405
3.504
3.223
3.487
2.977
3.131
3.917
3.956
3.413
3.162
3.427
3.15
2.97
2.992
3.318
3.115
3.03
3.31
3.185
3.425
3.477
3.291
3.366
3.42
3.389
3.508
3.438
3.539
3.487
3.497
3.493
3.391
3.765
3.979
3.407
3.289
3.642
3.384
2.823
2.759
2.722
2.816
3.041
3.383
3.205
3.593
3.811
3.729
3.601
3.468
3.888
3.343
3.933
3.899
3.955
3.758
3.928
3.614
3.701
3.279
3.145
3.279
3.254
3.91
3.915
3.704
3.667
3.508
3.179
3.983
2.891
3.034
3.258
3.565
3.345
3.879
3.61
3.591
3.654
4.365
4.558
4.496
5.047
5.063
4.458
5.581
5.973
6.087
6.243
6.483
7.19
6.426
7.35
6.778
6.561
6.745
7.46
6.534
7.33
6.55
6.22
6.371
6.513
5.014
5.561
4.917
5.265
6.367
5.922
5.05
5.608
5.511
5.531
4.902
4.747
4.833
4.491
4.329
4.926
4.448
4.975
5.24
4.111
4.477
4.956
4.182
5.209
4.453
4.008
3.67
4.783
5.089
4.484
4.552
3.682
4.228
3.59
4.24
4.661
4.904
5.114
3.156
4.373
5.288
3.284
3.756
4.412
4.294
4.772
5.007
4.008
4.584
4.947
4.813
5.973
4.778
5.252
4.742
6.035
4.952
4.071
4.966
4.556
4.564
4.124
4.74
3.465
4.574
5.477
6.01
4.393
5.088
6.145
4.131
3.398
4.597
4.255
4.549
5.329
4.892
5.154
4.347
5.727
4.157
3.929
4.43
4.055
3.311
3.998
4.53
3.769
3.527
3.512
3.825
4.357
4.275
3.49
3.184
2.955
3.25
3.205
2.97
2.675
2.54
2.49
2.618
2.797
3.003
3.115
3.282
3.227
3.225
3.196
3.079
3.302
3.279
3.556
3.931
3.916
3.899
3.928
3.883
3.836
3.797
3.77
3.85
3.786
3.777
3.627
3.539
3.641
3.779
3.921
3.876
3.942
4.103
4.103
4.193
4.26
4.382
4.633
4.793
5.029
4.992
5.071
5.027
4.985
4.86
4.861
4.696
4.68
4.915
5.172
5.51
5.311
5.019
5.038
4.852
5.398
5.675
5.386
6.052
5.998
6.416
6.537
6.45
7.08
7.05
7.04
7.15
7.09
7.26
7.19
7.87
7.38
7.4
7.41
6.745
6.848
6.509
6.713
6.822
6.916
7.05
6.541
6.269
6.508
6.847
6.873
6.654
7.29
6.843
7.19
6.895
6.692
6.611
6.209
6.423
6.942
6.574
7.05
6.513
6.257
6.173
6.53
6.422
5.951
5.611
6.421
5.7
5.899
6.047
5.655
5.897
5.702
5.292
4.722
4.876
4.605
4.788
4.517
4.417
4.575
4.685
4.621
4.698
4.754
4.303
4.119
3.942
4.162
3.775
3.699
3.751
3.735
3.653
3.445
3.55
3.713
3.244
2.946
2.53
2.809
2.635
2.964
2.781
2.691
3.115
3.521
3.418
3.513
4.075
3.72
3.457
3.073
3.192
2.689
2.646
2.293
2.248
2.172
2.555
2.538
2.692
2.873
2.873
2.479
2.86
2.284
2.201
2.394
2.132
1.642
2.253
2.446
2.684
2.506
2.786
3.366
3.039
3.049
3.218
3.501
3.372
2.674
1.88
2.191
1.022
.878
1.006
1.238
.747
1.06
1.53
.947
1.501
2.429
1.308
1.691
1.395
.65
1.476
.647
.921
.43
.938
2.188
1.94
1.396
1.073
1.79
1.802
1.41
1.749
2.437
1.559
1.785
.662
1.858
1.8
2.268
1.68
1.536
2.715
2.796
1.561
.934
.557
1.316
2.927
2.823
1.738
2.873
2.381
2.16
2.876
1.739
1.238
1.668
1.452
.934
3.535
4.126
3.04
3.635
2.705
3.372
3.707
2.785
2.369
3.105
2.873
3.469
3.534
2.605
4.796
3.899
2.695
3.899
1.785
2.532
4.045
2.63
3.796
2.663
3.509
3.108
2.368
2.515
3.11
1.739
2.466
5.182
2.31
2.446
2.625
3.15
2.92
1.843
2.657
3.798
3.058
2.891
2.287
2.261
2.207
3.026
2.745
2.981
3.317
3.025
2.927
2.669
2.743
2.838
3.651
3.67
3.291
3.457
3.642
3.555
3.351
3.807
4.238
4.048
3.89
4.101
4.504
4.464
4.443
4.586
4.09
3.988
3.854
3.846
4.104
4
3.751
3.583
3.664
3.492
3.299
3.836
3.801
3.906
3.987
3.72
3.484
3.46
3.886
3.788
3.832
3.99
4.038
4.426
4.42
4.642
4.739
4.81
4.701
4.558
4.311
4.088
4.58
5.022
5.121
4.747
4.98
4.86
5.233
5.137
5.817
5.846
5.339
5.635
5.92
6.198
6.166
6.229
6.571
6.362
6.238
6.16
6.114
5.934
5.991
5.714
5.731
5.325
5.981
5.352
5.447
5.344
5.454
5.684
5.205
5.18
5.04
4.897
5.193
5.062
5.226
5.005
4.896
5.246
5.222
5.254
5.076
5.059
5.261
4.998
4.867
4.747
4.785
5.016
4.777
4.8
4.558
4.638
4.943
4.642
4.982
4.855
4.955
5.001
5.046
4.573
4.681
4.548
4.559
4.137
4.158
4.276
4.022
4.226
4.233
4.046
3.74
3.619
3.732
3.612
3.697
3.892
3.585
3.685
3.781
3.889
4.044
3.758
3.378
3.191
3.378
3.726
4.481
5.313
5.784
5.531
5.703
5.561
5.817
6.219
5.581
5.782
6.395
6.459
6.427
6.845
7.36
6.926
7.18
7.09
6.994
6.861
9.28
8.82
9.4
8.67
8.04
8.18
9.04
8.99
10.04
9.73
8.99
9.23
8.02
9.06
9.49
8.37
8.6
10.44
9.99
9.16
8.92
10.05
9.51
9.38
9.1
9.66
7.93
9.23
10.24
9.28
9.4
8.02
8.52
7.48
8.61
9.35
8.46
8.98
9.53
8.85
8.46
9.38
8.18
8.67
8.75
9.1
8.93
8.24
9.17
8
8.77
8.7
8.34
8.5
8.37
7.79
7.61
7.78
8.78
7.62
8.02
8.68
6.397
7.73
7.95
7.94
8.29
7.97
8.06
8.03
8.72
7.99
7.78
8.66
6.786
7.9
7.49
6.902
8.7
6.602
8.47
7.2
7.58
7.23
7.8
7.82
7.18
7.87
7.65
8.55
7.97
8.14
7.73
7.36
6.962
7.56
6.785
7.56
8.21
8.56
7.74
8.45
8.49
8.4
7.24
7.6
7.34
8.55
8.69
8.6
9.14
7.97
9.2
7.71
7.83
8.34
8.04
8.29
6.933
7.4
7.99
7.14
7
7.31
7.61
7.94
8.93
8.21
6.683
7.13
6.772
7.5
6.889
7.2
7.33
7.2
6.963
5.565
5.303
6.033
6.545
7.19
6.959
6.329
6.159
5.879
6.306
6.109
5.316
5.942
7.18
6.616
7.55
7.53
6.789
6.527
6.477
6.842
6.611
6.443
6.018
5.766
5.723
6.208
6.54
6.48
6.329
6.611
7.23
8.06
8.27
7.78
7.69
7.55
7.4
7.88
6.968
7.26
7.84
7.91
8.32
7.41
8.17
8.38
7.61
8.18
6.972
6.931
6.548
6.137
6.148
6.166
5.279
4.877
4.366
4.957
4.183
5.435
5.191
4.911
5.404
5.651
5.156
5.512
5.299
5.657
5.98
6.203
5.595
4.757
4.499
4.654
7.69
9.23
8.39
11.54
11.33
12.31
11.1
11.77
12.28
11.78
12.39
12.44
12.47
12.16
12.11
12.93
12.94
11.96
12.12
10.98
11.28
9.98
10.56
9.66
8.78
9.5
8.88
8.55
7.91
7.59
7.01
7.01
7.48
6.852
6.489
6.999
6.328
6.109
5.555
5.349
5.379
5.639
5.836
5.623
5.303
4.728
4.601
3.863
3.596
3.116
3.112
2.753
2.834
3.658
4.401
5.508
4.982
5.073
5.081
5.416
4.931
4.688
5.048
4.718
5.11
5.776
5.701
6.015
6.112
5.934
6.176
5.863
6.727
7.69
6.944
7.72
8.94
8.51
8.04
8.03
7.4
7.14
8.18
7.33
8.01
7.26
6.977
6.978
7.26
6.578
5.629
6.42
5.413
5.782
5.459
5.336
5.277
4.463
4.532
4.871
5.609
5.536
4.532
5.32
4.818
5.068
5.968
5.505
5.421
5.173
4.841
4.341
4.974
4.993
3.811
4.814
3.979
4.023
3.956
2.457
3.887
4.782
3.454
4.102
2.645
3.123
2.151
3.654
4.253
1.287
2.217
4.191
3.354
3.266
1.546
2.588
1.688
1.021
2.352
1.226
1.228
1.601
2.194
1.701
2.082
2.182
2.727
3.607
2.815
.761
1.325
1.737
1.751
3.12
3.008
3.832
1.345
.603
1.229
1.549
3.238
3.61
2.866
1.851
1.155
.664
.728
1.629
1.71
1.364
2.245
2.152
.974
1.385
2.022
3.34
2.282
1.783
2.105
1.564
.68
1.011
.789
.672
.551
.183
.307
1.13
1.943
1.91
2.094
1.601
2.202
1.975
1.774
1.309
2.033
2.07
1.364
1.19
1.421
1.821
1.65
1.822
1.368
1.302
1.407
1.585
1.92
2.197
2.368
2.38
2.313
2.317
2.025
2.503
2.852
2.834
2.377
2.147
2.132
2.183
2.563
2.719
2.906
3.138
3.212
3.342
3.495
3.577
3.448
3.512
3.65
3.761
4.034
3.661
3.903
3.67
3.74
3.488
3.349
4.101
4.46
4.858
4.723
4.743
5.01
4.923
4.608
4.79
4.643
4.526
4.189
4.115
4.181
4.535
4.746
4.663
4.137
3.994
4.126
4.272
4.578
4.816
4.715
4.578
4.4
4.236
4.235
4.205
4.042
3.919
3.624
3.274
3.728
3.666
3.732
3.805
4.072
4.175
4.249
4.167
4.482
4.67
4.481
4.323
4.438
4.031
3.834
3.461
3.294
3.754
3.562
3.684
3.826
3.955
3.87
4.19
4.737
4.375
4.357
4.41
3.881
3.361
3.907
3.842
3.539
2.946
3.209
3.636
3.782
3.842
3.386
3.033
3.107
3.209
3.139
3.397
3.65
3.669
3.812
3.772
3.928
3.634
3.029
2.74
3.381
3.112
3.361
3.595
3.76
3.533
3.309
3.416
3.257
3.135
3.1
3.259
3.181
2.945
2.841
2.807
2.672
2.838
2.86
2.715
2.54
2.786
3.339
3.73
3.673
3.287
2.95
3.186
3.93
4.472
4.466
4.364
4.376
4.586
4.866
4.711
4.327
4.284
4.548
3.977
4.293
4.607
4.406
5.099
5.119
5.573
4.618
5.726
5.054
5.539
5.215
5.576
5.577
5.148
5.077
5.623
6.377
6.446
6.597
6.358
7.02
5.466
6.38
6.702
6.987
6.373
6.135
6.153
6.059
6.567
6.649
6.619
6.685
5.846
6.44
5.532
5.139
5.918
5.961
5.985
5.813
5.346
6.136
6.127
5.881
5.848
5.053
5.669
5.762
5.619
6.859
5.587
6.625
7.06
6.624
7.58
6.393
6.437
6.318
7.16
7.42
7.12
6.567
7.29
7.65
7.17
7.76
6.884
7.1
7.67
7.6
7.32
6.228
6.709
6.935
7.25
6.841
6.317
7.21
7.05
7.07
6.652
7.2
6.112
7.33
7.64
6.993
7.08
7.79
6.279
7.13
6.313
6.926
6.883
6.988
7.24
7.03
7.62
7.47
6.429
5.752
6.497
7.04
7.29
6.421
7.06
5.658
6.031
5.491
6.697
5.797
6.239
5.926
6.585
7.79
6.909
7.3
7.82
6.345
5.68
6.6
6.363
5.415
4.533
4.815
4.928
4.479
4.216
4.115
3.889
4.048
3.657
3.934
3.953
3.791
3.246
3.446
3.861
4.25
4.488
4.719
4.64
4.489
5.093
5.942
6.31
7.04
5.98
5.915
6.739
6.438
6.308
6.036
5.99
6.08
5.657
5.486
5.267
5.385
5.046
4.971
4.736
5.117
4.761
5.08
5.126
5.25
5.2
5.277
5.26
5.337
5.093
5.633
5.598
5.637
5.344
4.585
4.588
4.45
3.882
2.784
2.986
3.677
4.19
4.177
4.39
4.201
4.546
4.308
3.99
3.922
4.255
4.121
4.152
4.438
4.542
4.995
5.161
5.075
4.29
3.652
4.122
4.614
3.664
3.986
3.977
4.534
4.265
4.021
4.418
4.445
4.045
3.348
3.239
3.171
3.009
3.374
3.185
2.901
2.665
2.414
2.705
2.716
3.25
3.773
3.485
2.76
2.667
2.628
2.713
2.906
2.862
2.793
2.958
3.094
2.821
2.957
3.4
3.646
3.755
3.546
2.582
2.352
1.717
1.399
1.932
3.128
3.273
4.165
4.299
4.709
4.641
4.688
4.609
4.579
4.082
3.984
4.445
4.878
4.812
4.389
4.126
4.367
4.492
4.416
4.468
4.43
3.936
3.225
3.572
4.196
3.992
3.7
3.368
2.756
2.951
2.771
2.991
3.711
3.611
3.24
3.157
3.548
4.057
4.467
4.357
5.019
4.597
4.526
4.254
4.63
4.291
4.099
3.921
3.72
4.272
4.201
4.303
4.426
4.235
4.124
4.359
4.417
5.283
5.18
4.249
4.297
3.885
4.367
4.5
4.064
3.476
3.787
4.393
6.248
6.917
5.885
6.066
6.328
5.532
5.306
5.604
5.24
5.838
6.425
6.222
6.48
6.253
7.1
6.277
6.244
5.955
5.425
6.528
4.75
5.264
6.006
5.626
6.069
5.61
7.12
6.292
7.36
6.466
6.432
6.287
6.195
6.139
6.872
7.57
7.48
7.93
7.33
7.03
7.64
7.16
5.842
6.487
7.43
7.36
7.27
6.831
6.049
6.251
6.21
6.342
6.147
6.492
6.459
6.994
6.744
6.763
5.483
7.04
6.932
6.035
6.941
7.26
5.782
6.152
6.2
7.25
7.13
6.317
6.667
6.353
6.899
6.617
7.37
7.13
6.316
5.928
5.901
6.645
5.942
6.714
6.539
6.548
6.297
7.67
6.748
7.34
6.55
6.213
6.199
5.947
5.839
6.183
6.013
5.551
5.661
4.778
4.547
4.674
4.232
4.743
4.111
4.666
4.689
4.891
5.006
4.358
4.395
4.19
4.669
4.79
5.054
4.575
3.866
4.42
4.457
4.71
4.679
4.703
4.097
3.18
3.706
3.461
3.019
3.125
3.651
3.682
4.166
4.004
3.396
3.5
3.276
2.945
3.045
2.976
3.176
3.39
3.471
3.182
2.977
3.546
3.833
3.964
4.132
4.008
3.546
3.505
3.686
3.603
3.587
3.812
3.676
3.026
2.683
3.384
3.699
3.113
3.174
3.272
3.802
3.901
3.69
4.315
3.768
4.912
4.669
4.461
3.939
3.917
4.393
3.834
3.001
3.21
2.634
2.477
3.561
4.696
3.653
2.846
2.18
1.438
.427
1.79
3.708
3.056
2.675
1.646
.457
2.074
2.353
3.245
2.853
2.736
2.561
2.798
3.723
4.308
4.223
5.006
4.62
3.892
3.731
3.895
3.58
2.38
1.443
1.774
.749
1.275
1.521
2.101
2.954
3.575
3.6
4.291
4.479
3.824
3.429
3.678
3.716
3.298
4.217
4.546
4.057
4.023
3.293
3.173
3.698
3.945
4.231
4.917
5.12
5.54
4.254
4.405
4.504
4.889
4.208
4.33
4.157
3.505
3.463
2.105
1.756
1.768
1.93
2.249
2.354
1.825
1.987
2.611
2.574
2.455
2.108
1.789
2.249
2.242
2.712
3.021
3.754
3.511
3.02
3.157
3.535
4.091
4.142
4.014
3.191
3.179
3.837
2.97
4.51
3.922
3.791
3.709
3.872
3.956
3.456
3.442
3.854
3.863
4.179
4.365
3.792
3.854
3.814
4.004
3.671
3.68
3.774
4.139
3.969
2.81
2.769
3.133
1.744
3.074
2.971
2.32
2.159
3.98
3.331
4.076
4.16
3.59
3.899
3.896
2.805
3.773
3.522
3.79
2.886
3.644
3.835
4.8
4.557
4.751
3.771
3.263
4.153
4.301
4.341
5.183
5.061
3.65
4.052
4.653
4.03
4.392
3.717
4.892
4.418
3.571
5.047
4.573
3.836
5.556
4.009
5.54
4.35
4.524
4.473
3.853
5.244
4.057
5.36
4.57
3.982
4.624
4.82
4.48
4.729
3.76
4.27
5.285
4.233
4.788
5.776
5.578
4.399
3.652
5.593
5.819
4.572
4.192
5.105
4.405
4.768
4.693
3.932
4.289
5.013
4.117
5.17
4.149
4.15
4.447
4.637
3.737
3.939
3.149
3.631
3.056
2.694
2.37
2.474
2.294
2.038
2.06
2.129
2.588
2.726
2.842
2.665
2.937
2.76
2.7
2.356
2.427
2.503
2.458
3.021
3.467
3.428
3.342
3.141
3.036
2.587
3.078
2.679
2.518
2.675
2.79
2.907
3.322
5.654
5.177
5.605
5.531
5.036
5.373
4.489
4.379
5.161
4.451
4.789
5.032
5.084
5.429
4.959
4.458
4.148
4.725
4.349
4.685
4.606
4.377
4.096
4.548
4.318
4.167
4.329
3.963
4.069
4.229
4.349
4.534
4.41
4.329
3.898
4.033
4.515
4.359
4.878
4.809
5.216
5.163
5.677
5.092
4.943
4.439
4.057
3.707
4.109
3.405
3.413
3.677
4.174
3.999
4.002
3.899
3.656
3.647
3.425
3.672
3.361
3.494
3.367
3.25
3.393
3.627
3.336
3.357
3.631
3.637
3.892
3.624
3.571
3.609
3.695
3.536
4.142
4.091
4.906
5.527
5.635
5.675
5.484
6.176
6.381
6.526
6.395
7.32
6.732
6.575
5.812
6.497
6.505
5.689
5.079
5.961
5.043
5.546
5.887
5.093
6.351
4.409
5.334
5.269
5.371
5.555
5.203
5.63
6.208
5.074
5.23
5.334
5.243
4.866
4.523
4.829
5.939
4.623
4.906
5.227
4.936
4.982
5.835
6.226
6.111
5.505
7.23
6.363
6.42
6.423
7.14
7.33
7.93
7.3
6.746
6.093
6.179
5.741
5.078
5.398
5.921
6.217
6.56
5.013
5.233
6.216
5.359
4.471
4.443
5.454
5.455
6.231
5.731
5.593
6.994
6.417
6.454
6.53
6.585
5.62
6.672
6.145
6.239
7.86
6.688
7.12
6.985
6.658
7.02
6.207
7.17
5.928
6.586
6.039
6.278
5.535
5.864
6.612
5.569
6.253
5.675
6.505
6.262
6.975
6.016
5.085
5.909
5.011
5.626
4.58
5.259
3.812
5.161
6.193
4.99
5.17
4.734
5.649
3.76
5.854
6.75
5.355
4.936
5.359
6.454
5.935
6.278
6.968
7.15
6.524
5.826
5.807
6.067
7.67
8.47
7.66
7
8.34
6.736
5.908
9.13
8.47
6.396
7.16
7.01
9.14
8.32
7.39
5.512
7.87
9.04
10.02
7.24
7.65
7.62
8.71
7.51
7.09
7.22
6.75
6.472
6.49
5.052
6.544
5.865
5.767
3.797
4.918
5.215
5.308
6.044
4.93
5.539
5.05
4.977
4.794
4.64
3.962
3.734
3.777
3.266
2.781
3.029
3.295
3.482
3.438
3.325
3.47
2.883
2.944
2.755
2.431
2.37
2.738
2.273
2.221
2.306
2.164
2.506
2.294
2.539
2.913
3.381
3.607
3.454
3.177
2.975
2.885
3.174
3.636
3.417
2.742
2.731
2.522
2.086
4.263
5.129
5.608
5.276
3.259
3.225
4.599
4.957
5.715
5.187
4.909
4.397
4.446
3.823
3.741
3.494
3.451
3.123
3.231
3.438
3.328
3.227
2.905
2.96
3.159
2.747
2.762
2.8
3.287
3.83
4.394
4.613
4.234
4.19
4.45
4.418
4.393
4.375
3.865
3.518
3.449
3.535
3.671
3.573
3.618
3.683
3.782
3.854
3.91
3.803
3.647
4.082
3.697
3.599
4.376
5.81
5.269
5.375
5.51
5.437
4.959
4.989
5.144
5.293
6.087
6.016
5.097
5.667
5.425
5.083
4.768
5.062
4.976
5.124
4.979
4.473
4.839
4.429
4.452
4.912
5.13
4.998
4.733
4.399
4.277
4.472
4.538
4.422
4.43
4.044
4.61
4.957
4.468
5.596
5.478
4.683
4.648
4.138
4.42
4.033
3.989
3.832
3.472
3.079
3.602
3.082
3.079
3.355
3.774
4.824
5.395
5.223
5.2
5.756
5.689
6.182
6.003
5.967
6.802
7.15
7.88
7.84
7.95
9.72
8.83
9.54
8.38
8.8
9.04
9.28
9.1
8.97
11.4
10.81
8.67
9.25
10.35
11.15
11.05
9.93
10.56
9.89
9.22
8.59
9.02
10.69
9.9
9.99
10.52
10.22
9.57
7.95
8.79
9.75
8.58
7.93
9.02
8.22
8.58
9.15
8.5
8.8
8.2
8.69
7.66
7.98
8.84
7.95
8.28
7.58
7.89
7.85
6.339
8.17
7.81
6.622
7.84
7.84
7.7
7.62
7.4
8.27
7.14
7.1
6.77
6.498
6.912
7.9
7.71
7.93
5.623
4.951
6.676
7.14
4.711
7.49
5.729
4.165
3.55
6.326
3.708
5.438
4.781
4.003
4.352
5.674
6.542
6.571
6.675
8.04
7.71
5.103
6.864
6.428
5.519
5.194
5.338
4.661
5.195
4.821
4.987
4.703
4.964
5.524
5.723
4.315
5.425
3.634
4.854
7.98
8.55
7.8
10.34
9.51
8.88
10.22
9.08
10.38
10.04
8.88
9.11
8.64
8.12
8.59
8.17
7.9
7.95
7.81
8.06
6.843
7.29
8.06
8.64
7.95
8.18
6.733
7.08
6.957
7.59
6.804
6.875
7.8
7.69
6.494
6.802
7.22
8.05
7.2
7.2
7.14
7.6
7.75
7.89
7.46
8.57
7.94
9.37
9.02
8.07
7.11
7.04
7.73
7.05
6.613
7.43
6.675
7.56
6.663
7.57
7.75
7.66
7.23
6.879
6.579
5.814
5.629
5.502
5.243
5.106
5.588
6.14
6.017
6.59
7.26
7.42
7.59
7.4
7.53
6.766
6.972
6.831
7.22
6.406
6.572
6.795
6.295
6.433
5.46
4.051
4.996
5.727
5.64
4.796
6.058
4.61
5.103
5.601
5.997
5.609
6.13
6.202
5.524
4.982
4.287
4.676
5.224
5.465
5.067
5.838
5.911
5.953
5.957
5.653
5.833
5.496
5.605
5.458
4.4
5.287
4.724
4.565
4.448
4.536
4.456
5.144
3.837
3.824
4.147
4.341
5.221
4.983
4.041
4.281
5.07
5.165
5.013
4.487
4.218
4.713
4.173
4.081
4.839
4.898
4.86
4.957
4.475
4.42
3.869
3.895
4.665
4.912
5.089
5.792
5.563
6.288
5.787
6.215
5.309
5.912
5.154
3.916
4.599
4.194
4.116
4.641
5.193
4.935
5.043
5.361
4.926
6.067
6.266
5.833
5.895
5.545
5.294
4.583
4.899
5.314
4.656
4.912
5.051
5.032
4.778
4.338
4.852
4.369
4.488
4.345
4.758
4.212
5.387
4.698
4.802
4.996
4.793
4.284
2.891
3.129
2.901
3.405
3.043
2.452
1.81
5.335
2.977
3.655
3.082
2.575
2.683
3.234
4.087
4.477
5.319
6.048
6.256
5.979
5.219
4.689
4.908
4.521
5.333
5.553
5.46
4.855
4.901
5.548
4.936
5.433
6.875
6.788
5.708
3.836
3.985
4.996
4.799
4.531
4.381
5.424
3.605
3.349
4.223
4.463
3.416
3.75
3.758
3.682
3.781
4.727
5.183
4.99
4.732
4.86
3.586
3.586
3.916
4.424
3.969
3.783
4.019
3.597
3.692
2.959
2.23
2.68
3.266
3.26
2.574
3.139
5.236
4.631
4.57
5.293
5.617
4.597
4.053
4.879
4.103
4.481
3.989
3.535
3.531
3.695
2.88
2.974
3.078
3.129
3.128
2.373
2.355
2.353
2.319
3.534
3.681
3.388
3.603
3.653
3.794
3.234
2.864
2.421
2.834
2.871
3.182
3.035
3.242
3.103
2.915
3.26
3.192
2.745
2.192
2.362
2.817
2.814
2.613
2.001
2.057
1.692
2.055
2.039
2.121
2.201
1.955
1.983
2.097
1.527
1.809
2.42
1.254
1.086
2.254
3.008
3.14
3.461
2.548
2.375
2.381
2.195
1.861
1.822
1.665
2.22
2.761
3.095
3.081
2.173
1.738
1.907
1.286
.879
1.297
1.755
1.405
1.874
1.59
1.411
1.571
1.214
.882
1.217
.95
1.213
1.595
1.462
1.169
1.286
1.224
.51
.016
.865
1.37
1.23
1.282
1.36
1.008
.828
.55
.028
.206
.108
.041
.598
.416
.616
.563
.922
1.006
1.366
1.099
.945
.861
.76
.821
.573
.761
1.134
.84
.612
.734
.706
1.013
1.593
2.164
2.289
2.076
1.722
1.218
1.084
.515
.461
.612
.454
.329
1.072
.964
.764
.612
1.218
1.101
1.156
.756
.466
.705
1.317
1.191
1.268
1.436
1.102
.711
.991
1.564
1.663
1.778
1.994
2.213
2.483
2.125
1.619
1.404
1.65
2.007
2.245
1.49
1.778
1.672
1.559
1.671
1.365
1.399
1.113
1.506
1.631
1.598
1.547
1.415
1.258
1.62
2.17
2.596
2.746
2.756
2.906
3.095
3.446
2.936
3.022
2.957
2.516
2.729
2.791
2.602
3.541
2.768
3.075
3.831
3.116
3.543
3.912
3.73
3.635
3.437
4.218
3.543
4.49
3.696
3.64
4.082
3.811
3.108
3.567
3.887
3.938
3.215
3.756
2.992
3.11
3.234
2.778
2.786
2.238
2.233
2.283
3.062
2.231
2.973
1.998
3.04
3.117
2.985
2.68
3
3.123
3.443
2.81
2.759
2.414
4.01
3.075
2.255
3.214
2.646
2.3
4.001
4.286
3.407
2.114
2.854
3.993
4.087
2.266
2.305
2.831
3.755
4.069
2.214
2.848
1.887
1.97
3.238
2.662
2.101
1.044
1.16
3.119
2.828
2.098
2.074
1.676
1.89
2.128
1.486
2.005
3.808
2.741
1.688
1.071
.758
1.522
2.257
1.86
1.74
1.028
.407
1.549
1.051
2.392
2.11
.587
.899
3.328
2.91
3.087
2.535
2.165
2.691
1.617
1.695
1.835
2.313
1.7
2.604
1.886
2.316
2.335
2.852
2.417
.865
1.617
1.637
1.285
.631
.819
.164
.744
.743
.002
.147
.517
1.348
1.325
1.055
1.366
1.572
1.535
1.376
1.562
1.743
1.725
1.662
1.481
2.176
2.337
2.287
2.433
2.261
2.57
2.798
2.597
2.558
2.367
2.326
2.182
2.642
2.718
2.801
2.802
2.726
2.66
2.773
2.929
3.031
2.838
2.524
2.586
2.97
2.948
2.92
2.826
3.007
3.149
3.373
3.602
3.677
3.612
3.523
3.166
3.436
3.571
3.302
3.25
3.327
2.908
2.752
2.805
2.478
2.358
2.464
2.596
2.732
2.68
2.434
2.236
2.037
2.273
2.788
3.08
3.339
3.275
3.228
3.312
3.263
3.112
3.155
3.274
3.251
3.001
3.19
3.071
3.186
3.27
3.042
2.843
2.697
2.454
2.682
3.071
3.058
2.828
2.67
2.328
2.608
2.628
2.511
2.545
2.588
2.524
2.379
2.367
2.579
2.84
2.56
2.737
2.712
2.896
2.805
2.624
2.864
2.99
2.972
2.818
2.734
2.792
2.936
2.691
2.744
2.63
2.657
2.368
2.264
1.982
1.916
1.798
1.917
2.255
2.337
2.226
1.916
2.051
2.099
1.957
2.042
2.19
2.089
1.778
1.962
2.442
2.555
1.853
1.788
1.78
1.896
1.597
1.906
1.96
2.07
1.825
1.878
2.081
2.142
2.254
2.739
2.341
3.08
3.302
3.21
4.173
4.408
3.907
4.429
4.577
4.458
4.018
4.49
4.653
4.837
4.529
4.174
4.698
5.357
6.142
5.145
5.884
5.374
4.756
5.895
5.258
5.752
6.256
5.913
5.794
6.006
6.12
6.301
5.794
5.854
6.162
5.471
6.469
6.067
5.803
6.921
5.958
5.316
6.383
6.461
7.09
6.557
6.707
6.583
5.477
5.762
6.819
6.576
6.228
5.607
6.158
6.117
5.313
6.213
5.967
5.903
5.611
4.81
5.136
5.43
5.734
5.822
4.425
6.345
5.888
4.128
4.721
4.989
5.144
5.279
5.598
4.742
6.474
4.257
4.122
5.943
4.889
4.753
6.195
4.694
4.202
6.32
5.567
3.285
6.008
4.999
4.087
4.034
3.69
4.28
5.355
4.367
3.022
5.214
4.922
5.602
6.583
7.41
5.524
3.401
4.777
5.047
5.982
4.878
5.941
5.566
4.142
5.551
6.058
6.015
4.681
5.367
4.29
3.775
4.91
5.802
5.178
3.737
3.536
5.448
4.511
4.579
5.206
3.36
3.301
4.62
4.723
3.895
3.869
3.791
3.854
4.032
4.14
4.667
5.578
5.057
4.801
4.966
5.037
4.64
4.698
4.961
5.13
4.939
4.871
4.817
5.157
5.3
5.505
5.192
5.146
4.846
4.846
4.666
4.749
4.684
4.46
4.322
4.487
4.368
4.264
4.777
4.998
5.106
5.316
5.575
5.253
5.335
5.597
4.88
5.155
4.994
4.768
4.693
4.516
4.908
4.929
4.921
5.261
5.825
6.147
5.537
6.01
5.614
6.085
6.332
5.46
5.962
5.927
5.566
5.675
5.556
5.615
5.403
5.014
4.865
4.701
4.893
5.651
5.417
5.218
5.049
5.24
5.024
4.774
5.273
5.312
5.37
5.422
5.307
4.96
5.091
4.886
4.802
4.383
4.165
4.355
3.823
3.561
3.733
3.976
3.444
3.323
3.696
4.339
4.282
3.853
4.006
3.917
4.118
3.842
4.102
3.936
4.078
3.849
3.84
4.052
4.217
4.238
4.328
3.984
4.168
4.057
3.94
4.028
4.19
4.335
4.495
4.445
4.305
5.014
4.962
4.936
4.88
4.941
5.022
5.008
4.518
4.813
4.4
4.519
4.671
4.599
4.299
4.311
4.052
4.004
4.348
3.872
3.581
3.519
3.719
4.051
4.197
4.21
5.07
5.588
5.575
5.49
5.602
6.224
6.51
6.691
6.691
6.96
7.03
7.1
7.75
8.49
8.68
7.43
8.34
7.56
7.54
8.58
7.77
8.22
8.53
7.45
7.92
7.99
7.56
7.82
7.35
8.05
7.44
8.06
8.46
8.28
8.94
8.28
9.25
8.41
8.27
8.44
7.58
8.61
7.86
8.14
8.55
7.61
8.37
8.8
8
7.95
7.74
7.97
7.52
8.61
8.36
8.19
8.08
7.28
7
7.9
7.8
8.02
6.677
8.32
7.81
8.06
7.14
7.2
7.71
6.249
6.503
7.93
6.947
6.669
6.498
6.644
6.951
6.395
6.733
6.646
6.593
6.014
5.872
6.28
4.985
5.833
5.494
5.661
5.024
5.419
7.05
6.283
6.033
6.254
6.04
6.082
6.332
6.722
6.192
6.173
6.439
5.838
6.113
7.08
6.027
6.392
6.63
7.44
6.205
6.588
6.885
6.556
7.69
7.69
7.52
8.69
8.69
9.12
9.92
10.43
8.41
8.71
8.72
9.58
9.49
9.31
10.65
9.85
10.52
9.29
9.08
9.07
9.16
10.4
9.3
9.94
8.41
9.46
9.2
8.98
9.13
8.79
9.07
8.89
9.35
8.94
8.89
9.81
8.27
7.91
7.53
7.46
8.41
9.36
8.7
8.67
9.29
9.73
9.76
10.27
8.83
8.6
8.41
9.08
8.97
9.38
9.99
10.73
10.17
11.31
9.52
9.58
10.89
10.14
11.24
10.4
10.78
10.5
9.74
10.55
10.04
10.53
9.72
8.28
9.35
9.2
9.35
9.21
8.74
9.62
9.58
9.47
9.34
9.38
7.88
8.45
7.92
7.98
7.69
8.36
7.94
7.35
6.837
8.05
7.21
6.909
5.288
6.436
5.04
5.125
5.066
4.96
4.838
5.342
5.247
4.548
5.321
5.242
5.283
4.972
4.973
4.915
5.102
4.62
4.957
4.546
4.615
4.617
4.4
4.412
4.324
4.635
4.943
5.706
4.757
6.064
5.778
6.138
6.579
6.452
6.171
6.421
6.171
6.422
7.05
6.448
6.35
5.978
6.736
6.902
6.311
6.046
5.326
6.456
6.272
5.753
5.646
5.895
6.399
6.35
5.83
6.171
6.389
6.573
6.507
6.08
6.631
5.219
5.28
5.615
4.8
4.134
4.297
4.283
3.986
4.567
4.928
5.18
5.337
5.111
4.858
4.533
4.595
4.108
4.414
4.374
4.62
5.033
4.708
4.883
5.145
4.244
4.479
4.51
5.025
5.36
5.417
5.68
6.11
5.991
6.062
5.701
5.34
5.966
5.658
6.229
5.915
6.4
6.314
6.124
6.067
5.878
5.048
4.473
5.528
4.952
5.028
4.843
4.493
4.628
4.586
3.766
4.211
3.738
3.92
4.453
4.109
3.356
3.724
4.279
4.114
4.125
4.223
3.586
4.136
4.428
3.925
4.886
4.218
3.577
5.134
3.716
4.624
6.978
5.04
5.005
5.279
4.143
5.293
5.196
6.124
5.23
4.263
2.847
3.923
5.528
4.981
4.81
4.655
5.066
4.892
3.556
6.174
7.1
4.263
2.663
5.639
3.554
6.406
5.768
7.78
4.059
5.127
4.499
6.784
4.848
4.537
5.818
5.751
6.883
6.994
5.465
3.755
5.906
5.597
4.059
6.676
5.072
3.556
6.329
4.475
5.883
4.076
6.324
6.421
7.55
6.632
6.195
3.981
5.58
6.56
7.23
5.519
5.02
6.434
5.822
6.069
6.678
6.341
5.874
5.88
5.959
6.264
5.169
5.002
6.003
5.902
6.712
7.92
5.928
6.93
7.34
7.97
7.96
8.01
8.23
7.75
8.5
7.88
7.4
7.95
7.19
8.44
7.79
6.883
7.41
7.46
5.504
5.374
4.151
3.795
3.423
3.576
3.783
3.793
3.391
3.286
3.433
3.449
3.16
3.452
2.761
2.717
2.652
2.869
2.769
2.982
3.045
3.731
3.92
3.524
3.465
2.744
3.084
3.506
3.779
3.756
3.226
3.077
3.4
3.924
3.718
3.744
3.607
3.707
3.289
3.68
3.956
4.209
3.807
3.29
3.477
3.317
2.902
2.982
2.899
3.546
3.773
3.028
2.217
1.717
2.236
2.314
2.463
2.05
1.759
1.95
2.781
3.032
2.941
3.403
3.24
2.979
2.963
3.06
2.918
2.859
3.241
3.736
3.154
3.218
2.984
3.785
3.988
3.881
4.008
4.092
4.083
4.267
4.013
3.046
3.018
2.997
3.712
3.307
3.71
3.776
3.661
3.65
3.651
3.861
3.854
3.515
3.455
3.735
3.832
4.016
3.45
4.194
4.052
4.391
4.142
4.858
4.042
3.616
3.839
4.356
4.996
5.176
4.588
4.143
4.531
4.171
4.731
4.614
4.391
3.761
3.653
4.146
4.25
4.759
5.233
5.271
5.561
5.5
6.007
6.045
6.567
6.299
5.54
4.662
4.838
4.698
4.982
4.799
7.49
7.84
8.22
7.33
6.86
8.33
8.29
7.79
8.04
6.819
6.831
7.42
7.01
7.29
7.25
7.31
7.5
7.52
7.38
7.99
7.31
7.72
8.02
7.48
7.8
7.44
6.541
7.83
6.549
6.399
6.545
6.778
7.01
6.335
6.198
5.696
5.736
5.472
5.533
4.607
4.788
4.529
5.109
4.879
4.055
5.42
4.587
3.137
4.157
4.17
3.537
3.222
3.798
3.305
2.823
3.2
2.956
3.606
4.138
3.67
3.959
3.323
3.062
2.801
3.37
3.925
3.24
2.266
2.215
2.882
2.548
2.099
1.819
2.098
2.033
2.404
2.512
1.044
1.16
1.88
2.114
2.848
2.76
2.267
2.87
3.255
2.244
1.8
1.62
1.581
1.233
2.654
2.34
1.972
2.215
2.148
2.065
1.008
1.482
2.315
2.923
2.6
2.908
.671
2.187
2.604
2.729
2.257
1.402
.615
1.219
1.2
1.071
1.544
.932
2.715
2.723
2.26
1.411
1.639
2.258
1.366
2.251
3.024
2.494
1.152
2.368
1.777
2.572
2.576
2.102
1.733
1.441
1.824
3.434
3.593
3.244
3.432
2.669
2.812
2.389
3.129
3.022
2.16
2.498
3.001
2.892
2.647
2.408
2.419
1.974
2.565
2.781
2.468
2.354
2.141
2.371
2.489
2.812
2.52
3.324
3.924
4.311
5.05
5.081
6
5.948
4.574
6.02
3.901
2.425
2.397
3.703
5.319
4.332
4.257
2.864
1.409
1.513
2.45
2.68
3.612
4.568
3.898
3.693
4.351
4.051
3.703
3.344
3.681
3.675
3.814
3.542
3.778
3.868
3.884
4.043
4.236
4.196
4.363
4.024
3.718
3.323
3.308
4.04
3.574
3.293
3.476
3.339
3.417
3.304
4.227
4.216
4.344
5.766
5.57
5.011
5.074
4.877
5.568
6.193
6.204
6.27
6.061
6.094
6.552
6.388
6.573
6.125
7.03
7.35
6.851
7.07
6.173
6.655
5.001
5.572
7.11
6.919
7.19
7.3
8.06
7.17
5.581
7.15
7.55
7.14
7.18
7.4
7.21
6.951
6.983
6.637
6.187
6.329
6.471
7.14
6.45
6.679
6.747
6.338
6.215
5.769
6.746
7.84
7.05
6.579
5.432
5.463
5.341
5.957
6.025
5.824
6.409
6.859
5.729
5.952
4.935
6.608
6.768
8.15
7.93
8.53
7.08
6.917
7.81
7.1
6.869
6.568
6.488
7.03
7.42
7.97
7.65
7.74
7.84
8.44
8.19
8.46
9.09
6.975
7.8
8.69
7.5
6.647
8.06
7.3
7.12
6.438
6.288
6.881
6.858
7.09
7.39
7.12
7.47
7.69
6.653
7.1
6.126
7.3
6.362
6.183
6.088
6.207
6.082
4.999
5.277
5.23
5.757
5.411
6.839
5.752
6.282
6.013
5.732
4.612
5.327
6.077
5.324
6.271
6.103
4.604
6.015
5.896
4.197
4.45
4.381
5.25
4.327
4.707
5.581
4.583
4.778
4.722
5.777
4.709
5.26
4.952
4.976
3.937
5.828
5.007
5.071
4.138
4.817
4.569
5.15
3.444
3.091
4.447
4.26
5.124
2.438
4.737
3.9
4.689
3.657
3.944
4.008
3.884
4.651
4.122
5.43
4.163
4.647
5.6
4.2
5.095
4.879
5.738
5.475
5.096
5.345
4.521
4.81
4.37
4.941
5.634
4.522
4.614
5.138
4.227
4.592
3.949
4.849
3.944
4.492
5.614
5.054
4.942
5.401
5.153
5.108
4.911
3.619
5.533
4.63
4.828
4.933
4.207
4.95
5.399
4.482
4.721
4.696
5.269
4.127
4.263
4.649
4.812
4.581
4.597
4.334
4.735
4.78
4.181
4.68
4.169
4.708
4.746
4.948
4.317
4.215
3.689
3.532
3.888
3.883
4.243
3.888
4.446
4.523
3.909
3.549
3.383
3.399
3.263
3.094
3.859
3.686
3.767
3.612
3.416
3.511
3.519
3.486
3.523
3.522
3.595
3.859
4.697
4.621
4.853
4.049
4.029
3.967
3.824
3.485
3.401
3.124
3.925
3.913
4.014
4.48
3.431
3.331
3.709
3.849
3.956
4.105
4.068
3.801
3.502
4.091
4.504
4.741
4.54
5.336
4.712
5.119
4.984
5.17
4.932
3.688
4.753
5.414
5.11
5.094
3.984
4.209
4.673
4.344
3.829
3.768
3.61
3.699
3.518
3.033
3.588
3.293
3.534
3.36
3.888
3.626
2.859
3.388
3.144
3.422
3.384
3.273
3.531
3.604
3.123
3.255
3.593
3.721
3.585
3.393
3.202
3.451
3.844
3.935
3.797
3.364
3.172
2.803
2.96
1.996
1.796
1.407
.923
1.126
1.684
1.746
1.409
1.658
1.852
1.815
1.936
2.189
2.045
1.656
1.837
1.835
1.854
2.128
2.892
3.272
3.196
3.694
3.963
3.938
4.377
5.014
5.081
4.613
5.02
4.157
4.209
4.187
4.499
3.764
3.411
3.037
3.671
3.935
3.06
3.857
3.363
3.609
3.535
3.288
3.028
3.518
2.891
2.828
2.581
2.835
3.308
3.703
3.485
2.975
3.387
3.462
3.573
4.462
4.556
4.812
4.901
3.975
4.473
4.021
4.475
4.373
3.101
4.19
4.234
4.679
4.099
4.402
4.603
4.686
4.493
4.368
4.078
4.512
4.254
3.867
4.319
3.958
4.328
4.418
5.297
4.618
4.568
4.137
3.744
4.224
3.94
3.924
4.37
4.212
3.951
4.68
4.748
4.534
3.919
4.196
4.007
4.488
4.225
4.914
4.675
3.461
4.583
4.091
3.545
3.256
3.08
5.028
2.632
3.201
4.052
4.875
5.149
4.208
3.711
4.756
5.126
4.226
4.575
4.472
4.167
1.635
1.678
4.676
3.727
2.876
1.61
4.674
3.733
2.678
3.75
3.628
4.62
4.124
4.374
4.589
3.446
3.142
1.453
2.047
2.257
.915
1.419
1.315
2.902
4.004
4.137
2.165
2.054
3.623
2.784
2.034
3.138
1.617
2.805
3.099
1.925
2.819
.216
.994
.943
.493
.901
.491
.562
.81
.766
.871
.638
.861
2.827
2.547
3.093
4.785
5.066
4.884
4.294
4.948
4.811
4.389
4.691
4.686
4.126
5.264
4.663
5.363
4.762
4.201
4.451
3.668
3.18
4.01
3.335
3.063
3.573
3.773
4.039
4.665
4.655
3.739
2.533
2.017
1.228
.183
.185
.507
3.098
3.696
4.478
2.342
3.856
3.722
2.998
2.168
2.233
2.427
4.987
3.615
4.082
3.645
3.637
3.906
3.617
3.007
2.216
3.542
3.166
2.748
.484
.624
1.489
1.852
1.659
1.338
1.84
1.493
1.379
1.364
.801
.194
.776
1.803
2.101
2.667
3.785
3.759
3.145
3.305
4.077
4.704
4.417
4.75
4.87
4.157
4.182
4.287
4.014
4.705
4.154
4.768
4.192
4.297
4.883
5.292
6.167
4.646
4.206
3.901
4.243
4.815
5.612
5.302
4.811
4.686
4.541
4.493
3.899
4.258
3.907
3.838
4.986
3.932
3.715
3.895
2.799
4.223
4.634
4.292
3.793
4.235
3.417
3.42
3.93
3.919
3.945
3.689
4.871
4.348
4.541
3.433
4.233
3.684
3.972
4.644
3.07
3.548
3.43
3.503
4.092
3.698
4.247
3.73
3.014
3.314
2.72
3.317
2.445
2.451
1.38
1.27
2.184
2.342
2.756
2.387
1.271
1.474
.984
1.652
1.718
1.574
1.682
.661
1.302
1.206
1.055
1.523
.882
.524
1.571
1.852
2.186
2.316
2.564
2.962
3.059
3.221
3.28
3.228
3.378
2.725
2.4
2.012
1.993
1.623
1.327
1.246
.831
1.477
1.492
1.708
.957
.708
.28
.603
1.562
1.372
1.333
.987
1.24
1.781
.461
1.507
1.503
1.556
1.883
2.061
3.701
2.926
3.494
2.673
2.789
2.638
3.308
3.217
3.013
3.966
2.848
3.39
3.726
2.968
3.86
3.89
2.286
3.858
2.798
3.26
3.907
2.776
3.125
3.298
3.686
4.315
4.15
3.246
4.872
3.903
4.346
4.225
3.786
4.221
4.198
4.07
3.773
3.737
2.822
3.657
3.68
4.134
4.061
2.782
3.62
3.864
3.731
3.756
4.805
3.416
2.995
3.644
4.019
3.96
3.552
4.351
2.836
3.894
2.493
.982
2.441
3.074
2.711
2.984
3.193
3.091
1.807
3.84
3.106
3.211
2.723
2.333
3.03
2.391
2.254
1.474
1.401
1.783
1.872
1.862
2.173
1.956
2.297
2.642
3.261
3.672
3.981
4.286
4.084
4.685
4.986
5.45
5.056
4.977
5.068
5.467
5.258
5.611
5.594
5.43
6.191
5.944
5.732
5.57
4.8
5.373
4.85
4.509
4.658
4.389
4.253
4.515
4.179
4.19
4.103
4.228
3.871
4.034
4.904
4.896
4.121
4.426
4.77
4.57
4.819
5.189
4.98
4.444
4.469
4.257
4.235
4.124
4.026
3.653
3.573
4.312
4.173
4.119
4.058
4.158
4.214
4.178
4.261
3.848
4.027
4.531
4.404
4.822
5.119
5.522
6.265
6.487
5.665
5.515
5.168
5.451
5.093
4.427
4.376
3.295
1.524
6.69
7.11
3.94
6.052
8.18
3.449
2.914
7.03
5.165
3.13
5.968
5.915
3.852
5.108
5.827
6.76
5.734
5.735
5.214
5.779
4.879
4.367
4.403
4.377
3.362
3.422
3.357
3.188
2.621
2.593
2.854
2.909
2.771
2.814
2.972
2.845
2.226
2.121
2.701
2.867
2.045
1.672
.876
1.804
2.56
3.044
4.551
4.393
3.551
3.669
3.519
3.011
2.411
2.093
1.804
1.672
1.492
1.427
2.172
1.595
1.677
1.045
1.411
1.914
1.949
1.858
2.622
3.195
4.461
3.717
4.123
3.851
3.674
4.147
3.93
3.995
3.809
3.946
3.394
2.964
3.197
3.542
3.595
3.298
3.716
3.84
3.898
3.414
4.64
4.525
4.007
3.57
3.27
4.086
3.63
3.954
3.224
3.798
4.387
4.232
4.065
4.613
3.985
4.717
5.318
5.29
5.511
5.258
4.887
5.898
5.6
5.545
5.048
6.861
5.61
5.73
6.076
5.829
5.316
5.402
5.154
5.66
5.398
4.822
5.253
5.959
4.973
5.699
4.979
5.689
5.411
4.908
4.717
4.559
4.748
4.484
3.855
5.164
5.333
4.865
3.358
4.719
4.17
3.556
4.879
3.806
5.688
4.232
3.192
5.368
4.035
4.539
4.374
5.005
3.684
4.782
5.115
5.266
3.259
4.734
4.115
3.961
4.098
3.946
3.741
4.044
3.762
4.38
5.173
4.205
5.962
4.743
4.253
5.68
4.588
3.199
2.644
4.117
5.144
4.41
4.816
3.334
2.982
4.778
4.802
4.725
3.785
3.688
3.725
4.304
4.15
4.482
3.069
3.106
4.064
3.167
4.332
4.037
4.106
4.069
4.443
4.031
4.05
3.251
3.831
3.708
4.363
3.753
3.206
2.739
2.834
2.961
2.856
2.776
2.669
2.649
2.653
2.838
2.906
2.69
2.886
2.85
2.609
2.751
3.018
2.877
2.539
2.604
2.72
2.532
2.654
2.598
2.936
3.151
3.074
2.915
3
3.144
3.041
3.328
3.846
4.397
4.059
3.932
3.979
3.799
3.259
2.866
2.392
2.325
2.559
2.286
2.01
1.893
1.919
2.036
2.119
2.16
2.155
2.333
2.326
2.08
2.228
2.429
2.545
2.483
2.505
2.481
2.689
2.497
2.505
2.472
2.663
2.834
2.653
2.531
2.578
2.62
2.353
2.159
1.949
2.066
2.102
1.955
1.609
1.509
1.399
1.461
1.61
1.748
1.813
1.36
1.078
1.059
1.08
1.266
1.417
1.626
1.677
1.732
1.913
2.248
2.308
2.127
2.074
2.233
2.118
1.981
1.923
2.101
2.296
2.432
2.361
2.364
2.174
2.297
2.38
2.293
1.747
1.793
1.944
1.867
1.82
1.917
2.012
2.017
2.007
2.255
2.26
2.519
2.468
2.569
2.802
2.863
2.637
2.374
2.341
2.279
2.293
2.349
2.502
2.634
2.391
2.225
1.919
2.007
2.147
2.094
1.904
1.855
1.754
1.854
2.038
1.821
1.634
1.676
2.242
2.867
2.543
2.936
3.327
3.355
4.042
3.337
3.805
3.254
3.25
3.7
3.847
3.607
2.564
3.892
4.351
4.127
4.196
4.323
4.028
3.527
3.527
3.327
3.674
3.683
3.226
3.716
3.311
3.002
3.815
3.825
3.504
3.967
3.712
3.673
3.762
3.727
4.287
3.664
4.813
3.428
4.532
1.745
3.506
2.879
4.237
3.504
4.241
3.387
4.918
4.159
3.732
2.644
4.713
3.242
3.004
3.034
1.959
4.341
3.255
.978
2.673
3.87
4.578
2.804
4.144
4.771
2.411
3.729
2.865
4.51
2.751
3.671
2.928
.663
4.161
4.26
3.059
3.556
3.252
3.617
1.864
3.751
4.515
1.757
3.529
3.959
3.992
3.914
3.274
4.544
4.799
4.471
3.56
4.453
3.03
2.984
4.652
4.648
4.581
3.593
3.914
3.997
3.904
2.645
3.834
4.169
4.488
3.274
5.175
3.231
3.469
3.482
5.073
3.953
4.373
3.939
4.461
4.385
4.599
4.73
4.724
5.473
3.399
4.28
4.578
4.219
5.467
5.133
5.436
5.856
5.184
5.084
4.208
5.006
4.162
5.084
5.235
4.852
4.587
4.231
4.485
4.032
3.922
3.516
3.792
3.622
3.879
4.045
4.139
3.716
3.093
2.956
2.665
2.506
2.483
2.586
2.525
2.302
2.36
2.56
2.909
3.13
3.04
3.284
3.402
3.068
3.369
3.438
2.919
3.54
3.526
3.012
2.609
2.561
2.191
2.007
2.067
1.97
2.158
2.403
2.447
2.657
2.158
1.984
1.816
1.95
2.182
2.237
2.35
2.561
2.437
2.411
2.496
2.349
2.48
2.358
2.16
2.575
2.85
2.851
2.919
3.427
3.152
2.967
3.163
3.031
3.039
3.068
3.097
3.602
3.248
3.07
3.011
2.676
2.993
3.588
3.793
3.888
3.618
3.392
3.734
3.495
3.881
4.373
3.741
4.036
3.945
3.912
3.591
3.535
3.827
3.774
3.69
3.468
3.727
3.799
3.748
3.572
3.442
3.481
3.074
2.771
2.709
2.708
2.561
2.433
2.46
2.631
2.56
2.442
2.541
2.341
1.907
1.781
2.059
2.392
2.763
2.638
2.607
2.436
2.478
1.996
1.791
1.81
1.674
1.741
1.79
1.88
2.043
2.228
2.091
2.283
2.311
2.317
2.441
2.514
3.023
2.95
2.85
3.051
3.174
3.324
3.579
3.467
3.02
3.704
4.021
3.649
3.953
4.75
4.572
4.945
5.495
6.086
6.626
6.569
5.415
6.633
5.922
5.899
6.76
5.116
5.519
5.758
6.198
6.393
5.808
5.633
5.783
5.199
5.579
6.267
5.202
5.746
5.537
5.748
5.508
6.008
6.123
5.766
5.826
6.453
6.053
5.8
6.336
6.555
6.405
6.149
6.519
6.188
6.106
6.653
6.388
6.911
5.962
6.467
6.852
6.199
5.874
6.594
6.06
7.2
6.464
6.13
6.54
5.593
6.231
6.243
6.333
6.121
6.694
6.861
6.532
5.985
5.607
5.366
4.134
5.16
5.3
6.273
6.05
4.761
5.692
5.392
5.223
4.584
3.479
4.729
4.466
3.407
6.103
5.759
5.399
6.927
7.73
4.583
6.746
5.842
5.696
6.945
7.21
4.476
5.936
5.536
4.903
5.093
4.736
6.334
6.939
5.652
5.447
6.846
6.9
5.986
6.454
6.112
7.11
7.65
7.84
6.841
7.06
7.23
5.733
7.39
7.13
6.364
6.459
6.146
6.259
6.222
5.885
6.156
5.984
6.094
6.343
6.34
8.3
7.13
7.44
7.65
7.76
9.64
8.81
8.3
8.89
7.8
10.36
7.39
8.87
7.84
8.41
8.25
9.15
7.5
7.62
7.39
7.64
7.78
7.3
7.48
7.58
7.23
7.56
6.583
5.59
5.294
5.574
6.145
6.782
6.866
6.726
6.022
5.979
5.921
6.156
5.868
5.602
4.855
5.638
5.705
5.095
4.924
5.306
5.106
5.89
5.932
5.354
5.369
5.894
6.24
6.601
6.317
6.422
6.064
5.924
5.867
5.913
5.609
5.812
5.49
6.005
6.541
5.903
5.758
5.92
6.197
6.412
5.841
5.024
5.861
5.671
5.632
6.226
5.69
6.153
5.858
5.965
6.741
6.476
6.803
7.62
6.557
5.38
5.101
4.444
4.298
4.676
5.142
4.705
5.227
6.135
6.24
6.166
5.578
5.655
6.062
6.372
5.493
5.103
5.105
4.759
4.531
4.599
4.736
4.955
5.271
4.612
4.747
4.86
5.3
5.412
5.486
5.094
5.14
5.02
4.586
4.414
4.946
5.027
4.908
4.887
4.616
5.127
5.051
4.879
4.882
4.783
4.985
4.987
4.712
4.789
4.266
4.357
4.259
4.212
4.427
4.545
4.772
4.353
4.664
4.313
4.351
4.678
4.426
4.39
4.871
4.542
4.181
5.2
4.876
5.013
5.957
6.019
6.015
5.192
5.548
5.64
5.993
5.217
5.947
5.316
5.571
6.019
5.622
5.882
6.591
5.656
6.133
5.884
6.139
5.677
5.158
6.205
6.524
5.361
6.8
6.609
6.911
5.889
6.316
6.037
6.969
7.16
7.72
7.2
7.59
7.93
8.17
7.73
7.88
7.2
6.608
7.31
6.914
6.745
7.46
7.68
5.848
6.24
6.935
6.842
6.676
6.598
6.941
6.216
6.961
6.666
6.717
6.351
7.38
6.991
6.164
7.6
7.33
6.13
6.597
6.18
6.329
7.16
7.53
5.449
7.71
5.761
6.795
5.069
7.86
5.657
7.8
7.41
7.5
7.65
4.922
7.34
7.2
6.544
6.394
7.44
6.209
5.539
6.226
6.413
7.32
5.933
5.687
7.09
6.646
6.569
6.021
5.898
7.64
6.131
6.524
5.976
8.2
8.03
6.615
8.6
6.8
7.15
9.32
7.61
7.59
8.9
8.2
6.245
4.609
7.77
7.98
8.82
8.78
7.32
7.57
7.31
7.27
7.01
7.71
8.11
7.97
7.46
7.64
7.27
9
6.582
6.904
7.08
7.34
6.88
5.961
5.875
6.106
6.59
6.223
5.66
5.037
5.509
4.835
4.567
4.58
4.777
4.986
4.73
4.549
4.183
4.568
4.407
4.52
4.267
4.102
4.249
4.173
4.533
4.187
4.091
3.952
3.732
3.879
3.449
3.482
3.114
2.831
2.82
3.314
2.932
3.412
3.423
3.52
3.821
3.93
3.533
3.722
3.679
3.643
3.549
3.75
3.891
3.697
3.664
3.45
3.298
3.534
3.536
3.665
3.833
3.954
3.792
4.157
4.053
3.902
3.811
3.635
3.57
3.962
3.864
3.797
3.887
3.966
4.009
3.705
3.528
3.379
3.189
3.654
3.699
2.939
3.75
3.947
3.803
5.812
6.634
6.392
6.465
6.408
5.267
5.503
4.931
5.011
5.106
4.907
4.814
4.476
4.571
4.405
4.573
4.625
4.016
4.035
3.967
4.348
4.409
4.335
4.465
4.278
4.228
4.531
4.924
4.875
4.585
4.777
4.608
4.898
4.827
4.974
4.936
4.854
5.07
4.615
5.137
4.846
4.565
4.783
5.164
4.701
4.625
4.32
4.149
3.854
3.758
3.984
3.775
3.76
3.723
4.168
3.831
3.929
3.536
3.898
3.47
3.687
3.782
3.552
3.322
3.623
3.26
3.854
3.354
3.199
3.337
3.403
3.39
3.469
3.763
3.985
3.929
3.549
3.795
3.464
3.787
4.096
4.221
4.298
4.173
4.002
4.309
4.718
4.448
3.973
4.455
4.532
4.638
4.629
5.3
6.027
6.026
5.42
5.398
5.253
6.05
6.214
6.427
5.973
5.795
6.078
6.455
6.501
5.623
6.396
6.527
7.13
6.561
7.2
6.201
6.499
6.696
6.611
6.246
6.882
5.144
5.356
5.548
6.398
5.725
6.566
6.123
6.455
6.337
6.199
5.767
6.392
5.894
5.167
6.979
6.495
5.939
5.839
6.861
5.046
6.716
6.206
5.739
6.812
6.203
7.17
7.93
6.998
6.288
6.729
5.647
5.943
5.496
6.873
6.731
7.63
7.93
7.45
8.15
8.08
6.93
6.236
8.84
8.82
8.98
8.9
6.594
7.9
5.178
7.54
7.62
8.34
4.563
6.047
5.277
7.57
5.739
6.662
8.55
6.089
7.46
6.193
5.412
5.805
5.386
7.69
8.22
7.66
6.264
7.58
7.7
6.374
6.451
7.31
5.941
6.717
6.626
5.595
5.13
5.959
6.235
5.361
5.882
5.82
7.99
6.544
5.83
6.536
6.757
5.572
4.759
4.623
4.296
4.733
3.958
3.678
3.63
3.421
2.97
2.776
3.004
3.117
3.267
3.13
2.974
2.657
2.99
3.304
3.622
3.505
3.305
3.292
3.174
2.955
2.88
3.113
3.204
3.422
3.061
2.838
3.075
3.436
3.802
4.572
5.329
5.218
4.9
5.015
4.797
4.893
5.247
5.909
6.614
6.881
7.51
7.5
7.82
7.32
7.25
6.933
7.35
7.38
6.759
6.729
5.925
5.447
5.265
5.674
5.59
5.411
5.209
5.079
5.505
5.916
5.336
5.482
5.328
4.766
4.227
4.426
5.368
6.124
6.381
5.873
6.527
6.054
6.057
6.783
6.735
7.17
7.61
6.509
6.626
6.91
6.239
6.398
6.01
5.748
4.888
4.566
3.471
3.879
4.09
3.543
3.373
3.329
3.174
3.115
2.927
2.657
3.102
3.173
3.324
3.03
2.948
2.784
2.987
3.055
3.224
3.471
3.841
3.8
3.986
3.79
3.667
3.737
3.421
3.339
3.224
3.214
3.338
3.362
3.472
3.262
3.247
3.177
3.257
3.257
3.323
3.13
3.076
2.977
2.921
2.765
2.544
2.476
2.32
1.769
1.629
1.76
1.876
2.58
2.73
2.909
2.825
2.74
2.665
2.015
2.257
2.462
1.847
2.517
2.013
1.957
2.081
1.962
1.955
2.369
2.321
2.652
3.37
3.073
3.897
3.755
3.557
2.858
3.474
3.805
4.987
4.352
4.278
4.339
3.925
4.304
4.555
4.288
4.772
4.351
5.198
4.691
5.278
5.21
5.322
5.249
5.542
6.868
6.828
7.1
5.26
5.806
5.581
7.43
6.221
7.13
6.39
6.799
6.771
6.769
6.566
5.067
6.335
5.11
6.745
6.715
8.38
7.69
7.46
8.66
9.33
9.65
8.59
8.82
10.21
7.73
9.78
10.02
9.29
7.36
8.76
8.02
7.98
6.432
8.25
7.44
8.42
8.64
5.618
9.19
9.75
9.18
10.54
9.25
9.17
9.35
8.37
7.65
8.94
6.29
9.62
10.3
11.7
10.51
11.42
9.71
9.62
8.54
11.6
10.49
10.14
11.14
12.48
11.3
10.9
11.8
9.67
12.1
11.83
11.94
11.12
12.63
12.97
12.36
12.04
13.74
12.83
12.05
12.5
11.98
11.15
13.04
11.04
10.43
10.24
9.3
9.04
10.19
9.41
8.84
7.77
9.7
8.78
8.76
7.23
8.83
9.53
7.98
8.48
7.91
8.9
8.88
8.83
9.95
9.18
8.74
8.27
8.34
8.42
7.13
7.86
8.71
8.43
8.4
8.59
8.37
7.14
8.36
7.05
8.3
8.4
8.13
7.21
7.23
7.67
7.78
7.09
6.872
7.21
7.82
7.18
6.931
6.68
6.829
6.303
7.11
6.729
6.002
5.548
6.062
6.754
6.217
5.86
4.483
4.598
5.068
4.71
4.399
4.434
4.399
4.59
4.748
4.572
4.99
5.056
5
4.587
5.063
5.028
4.776
4.882
4.702
4.848
4.872
4.756
4.396
4.08
4.148
4.395
4.29
4.158
3.691
3.975
4.349
4.474
4.631
4.486
4.895
4.529
4.517
4.687
5.059
5.127
4.752
4.227
3.018
3.93
4.439
4.785
6.008
5.266
5.391
6.886
6.804
6.649
6.146
6.036
5.438
5.475
5.169
5.368
5.405
4.791
4.73
5
4.788
4.537
4.467
4.777
4.933
4.979
4.815
4.404
4.77
4.594
3.922
3.92
4.029
3.851
4.615
4.627
4.833
4.829
5.462
4.917
4.605
3.94
3.691
4.151
4.198
4.153
4.269
4.336
4.116
3.898
3.902
3.96
4.055
4.209
4.023
4.316
4.298
3.72
3.244
3.68
3.99
4.23
4.314
4.279
3.895
3.653
3.582
3.788
3.652
3.606
3.258
3.828
3.461
3.562
3.82
4.031
3.109
3.719
3.812
3.979
3.847
3.587
3.258
3.806
3.045
4.316
4.29
4.704
4.689
5.103
5.023
5.749
4.749
5.207
5.083
5.314
6.666
6.251
4.703
5.484
5.335
6.28
5.298
5.602
4.764
6.519
4.969
5.837
6.45
5.662
6.819
5.763
5.973
4.647
6.439
4.793
5.457
6.198
6.281
5.952
6.026
5.432
6.968
4.676
6.245
5.762
5.456
7.07
6.189
5.622
2.181
4.908
5.273
4.089
5.452
5.701
5.016
3.488
6.272
5.081
4.238
4.031
6.637
5.125
4.492
3.625
5.403
7.21
5.03
5.646
6.707
3.502
3.269
6.637
6.388
4.441
3.481
4.057
5.543
5.844
4.241
6.578
5.493
5.329
5.022
6.232
6.222
4.362
5.057
5.487
6.286
6.661
5.733
4.593
6.224
5.358
5.592
6.88
4.806
4.043
5.229
5.309
4.968
4.877
4.657
5.789
6.381
4.774
5.351
4.084
4.588
5.452
6.45
4.582
4.609
4.929
5.281
5.214
4.262
3.378
5.094
3.601
2.726
3.086
3.491
4.473
3.604
3.789
3.857
3.944
3.457
2.913
2.456
2.515
2.459
2.332
2.494
2.544
2.425
2.014
2.298
2.65
2.976
2.935
2.701
3.017
3.245
3.222
3.439
3.312
3.264
2.77
2.884
2.459
1.934
1.791
1.769
2.278
2.132
2.644
2.53
2.536
2.637
2.696
2.754
2.924
2.893
2.959
3.129
3.076
3.029
3.01
2.866
2.937
2.789
2.804
3.014
3.177
3.21
3.057
2.933
2.928
2.755
2.567
2.568
2.529
2.764
2.576
2.57
2.556
2.724
2.593
2.497
2.365
2.385
2.736
2.854
3.306
3.36
3.384
3.552
3.484
3.266
3.23
3.332
3.219
3.429
3.494
3.282
3.383
3.466
3.512
3.529
3.572
3.474
3.994
3.799
2.777
3.85
4.046
4.084
4.2
4.753
4.642
4.79
4.676
4.907
4.85
4.614
4.781
4.861
4.683
4.705
5.041
4.924
4.907
4.565
4.384
4.163
4.188
4.286
3.847
3.993
4.115
3.868
3.896
3.601
3.45
3.462
3.391
3.566
3.734
3.919
3.844
3.854
4.197
4.147
4.438
4.869
4.565
4.917
4.436
4.331
3.801
3.454
2.72
2.487
2.784
2.654
2.642
2.04
2.542
2.189
1.707
1.618
1.387
1.234
1.199
1.115
1.31
1.526
1.479
1.78
1.701
1.948
2.333
2.957
2.292
3.424
4.064
4.538
4.32
5.04
4.891
4.659
5.217
4.214
5.202
4.846
5.191
5.196
5.507
6.116
6.186
5.806
5.649
5.057
5.516
5.638
6.372
6.191
6.261
7.06
7.62
7.5
6.135
6.678
6.683
6.742
7.86
7.8
6.393
6.174
6.9
7.06
7.28
6.53
6.073
6.511
6.249
5.467
5.712
6.126
5.22
6.091
7.6
5.931
7.21
6.597
5.035
5.249
5.782
5.055
6.511
5.997
6.84
6.873
5.288
5.045
3.804
5.317
5.137
3.049
3.8
3.775
4.166
5.503
4.314
2.555
4.127
3.941
3.21
4.145
4.941
4.106
3.94
4.43
6.3
4.425
4.26
3.864
3.007
2.883
3.85
4.289
2.7
4.311
5.642
6.079
5.466
4.443
6.278
4.781
4.502
5.35
5.78
4.479
4.598
4.629
3.921
3.338
3.774
6.685
5.002
5.76
6.641
3.951
4.599
6.932
5.812
6.514
5.313
6.113
5.792
5.834
5.213
5.071
6.518
7.12
6.462
6.565
7.12
6.34
6.217
6.363
6.317
5.946
6.772
7.58
7.49
7.56
6.967
7.18
7.8
6.692
6.982
7.28
7.97
6.553
6.265
8.08
6.364
5.741
6.368
7.73
7.62
7.18
6.892
6.101
7.33
6.065
5.859
6.737
5.698
5.892
5.495
6.169
5.633
6.745
7.25
6.911
7.54
7.34
6.043
6.24
6.467
5.947
5.951
5.191
6.37
5.765
5.284
5.299
5.042
4.433
4.564
4.445
4.547
4.305
4.455
4.533
4.616
4.77
4.565
4.835
4.791
4.947
4.851
5.31
5.371
5.21
4.959
4.932
5.454
5.289
4.676
5.198
5.087
5.489
5.348
5.396
5.644
6.111
5.881
6.027
5.788
6.293
6.468
7.33
7.56
7.09
7.08
6.895
7.77
7.12
5.73
5.721
5.095
5.691
5.82
6.896
5.093
5.826
5.85
6.158
5.939
6.969
5.561
6.007
6.125
5.707
5.188
4.672
4.891
4.582
4.199
5.136
5.725
5.548
6.197
6.23
5.268
5.176
4.556
4.797
4.182
4.184
3.7
3.807
3.442
3.556
3.538
4.043
3.459
3.588
3.612
3.368
3.235
3.071
3.574
3.591
3.976
3.645
3.546
3.658
3.757
3.954
3.984
4.638
4.469
5.243
5.366
6.102
5.739
6.384
6.16
6.708
6.624
6.127
6.504
6.734
6.527
7.15
6.939
7.42
7.08
7.63
7.36
7.64
7.29
7.19
7.72
7.07
7.07
6.795
6.952
7.16
8.07
7.48
7.34
7.45
7.17
8.5
8.88
9.36
8.9
9.79
8.65
8.64
8.1
8.58
9.12
9.99
10.17
8.8
8.51
7.67
9.62
9.85
8.81
9.03
9.58
9.56
10.7
9.01
9.37
9.37
8.13
8.89
7.38
7.82
9.48
8.08
9.29
9.95
8.82
8.32
8.48
7.92
8.58
8.87
8.48
9.5
9.98
10.02
10.41
10.34
9.79
10.15
10.33
10.46
9.69
10.16
11.17
8.55
9.56
10.69
10.8
11.28
10.39
10.27
11.21
10.95
10.86
9.94
9.53
10.41
8.71
12.08
9.83
8.38
10.1
10.45
11.06
11.12
13.54
11.76
11.14
11.97
10.43
10.16
11.65
10.25
12.55
9.43
11.92
10.42
11.2
12.34
11.26
10.46
11.1
11.62
11.31
10.43
12.06
11.08
11.72
10.44
11.17
12.53
10.35
10.94
10.91
10.86
10.59
9.41
10.4
10.44
8.79
8.68
8.96
8.75
8.01
8.29
7.37
6.756
7.33
6.937
6.409
6.16
6.081
5.829
5.724
5.023
5.319
5.035
5.146
4.77
4.79
4.728
4.762
4.481
4.572
4.362
4.278
3.98
3.671
3.264
3.168
3.226
3.109
3.464
3.705
3.585
4.079
4.013
3.615
3.837
3.844
4.136
3.921
4.22
4.109
4.34
4.669
5.092
4.918
5.008
5.284
4.756
4.916
5.326
5.537
4.932
5.193
5.45
5.503
5.894
6.173
6.061
6.049
5.888
6.01
6.75
6.279
6.858
7.09
7.22
6.87
7.67
7.77
7.75
7.27
7.19
6.79
6.982
6.089
6.682
6.476
5.874
5.207
5.47
5.359
4.814
4.54
4.067
4.719
5.378
5.762
5.382
6.013
5.841
4.131
3.095
2.675
2.784
2.767
2.018
2.255
1.946
2.72
1.447
.432
1.523
2.051
2.138
2.075
2.588
3.329
2.789
3.401
3.918
4.073
4.48
3.829
4.064
4.387
4.708
4.898
4.701
4.801
4.049
3.469
2.902
3.136
3.173
3.194
3.478
3.203
3.028
2.865
3.307
3.706
3.422
2.966
2.596
2.246
2.034
1.951
1.655
2.268
2.333
1.831
1.594
1.743
1.738
2.083
1.814
2.242
2.915
2.984
2.534
3.005
3.706
3.342
3.956
3.953
3.606
3.063
3.737
3.576
2.346
3.444
3.9
3.335
2.938
3.103
2.462
2.903
3.141
3.052
3.4
4.23
4.102
3.588
3.299
3.681
3.835
3.386
3.111
3.611
3.419
3.418
3.231
3.309
3.944
3.177
3.483
2.985
3.445
3.367
2.828
3.313
2.497
3.662
2.162
2.891
2.882
2.735
2.69
2.155
2.711
3.518
2.278
2.962
3.084
3.204
1.4
1.202
1.246
2.69
1.963
2.904
1.596
3.252
3.599
3.32
4.337
4.043
2.392
2.491
4.946
3.829
3.888
3.154
4.045
3.618
1.981
3.141
2.24
1.269
2.625
3.053
1.69
2.141
3.516
3.076
2.127
3.317
4.977
3.201
5.7
5.141
4.154
4.529
5.209
5.438
4.269
2.76
.618
3.027
3.151
4.879
5.418
4.541
5.781
2.866
4.376
5.085
4.377
3.285
2.654
4.124
3.066
2.72
3.166
1.777
3.634
2.227
3.583
2.891
2.252
1.818
3.708
3.955
2.754
1.679
1.873
1.623
1.496
2.621
2.335
1.612
2.465
2.225
3.361
3.472
3.247
3.318
3.455
2.713
2.617
2.73
2.637
2.655
2.797
2.767
2.597
2.432
2.849
2.454
3.146
3.185
3.328
3.307
3.413
3.528
3.406
4.066
4.689
5.057
5.985
6.089
7.07
6.638
7.48
6.959
6.82
7.46
8.06
7.65
7.61
6.718
7.22
7.45
7.49
6.626
5.792
6.585
6.297
6.257
5.591
6.38
5.995
6.166
5.799
5.628
6.387
5.195
5.257
5.171
5.196
5.144
5.153
5.633
5.257
5.85
5.731
5.966
5.892
