2.212
2.21
2.242
2.36
2.365
2.359
2.655
2.915
2.746
2.59
2.358
2.256
2.169
2.567
2.518
2.445
2.531
2.486
2.415
2.256
2.294
2.365
2.426
2.401
2.559
2.491
2.325
2.407
2.476
2.695
3.144
3.356
3.513
3.346
3.319
3.268
3.599
3.759
3.25
3.185
3.187
3.396
3.091
2.958
3.069
2.825
2.991
2.861
2.889
3.113
2.947
3.102
3.066
2.991
2.898
2.846
2.89
2.974
2.877
3.045
2.903
2.661
2.815
2.666
2.709
2.87
2.726
3.259
3.156
3.322
3.587
3.548
3.404
3.442
2.826
3.704
4.27
4.597
4.536
4.865
4.53
4.604
4.796
5.149
6.139
5.501
5.463
6.576
5.927
7.02
7.04
5.957
6.918
7.48
7.23
7.14
7.31
6.797
7.14
7.54
6.512
6.759
7.38
7.58
7.61
7.74
7.28
6.817
6.821
7.07
7.49
7.12
7.44
6.662
7.56
7.62
6.825
7.1
6.459
6.516
6.922
6.682
6.538
5.991
7.32
6.189
6.232
6.697
7.5
6.373
7.03
6.613
6.553
5.815
6.017
5.824
6.139
7.03
6.175
6.053
5.572
5.763
5.034
4.956
5.618
5.188
5.419
5.73
5.39
4.95
5.923
5.558
4.526
4.911
6.05
5.229
5.175
4.782
5.07
5.972
4.8
5.014
5.891
5.561
5.705
5.746
4.561
5.997
4.53
6.025
5.348
4.772
5.26
4.735
5.044
6.127
5.843
6.35
5.934
4.724
4.751
4.565
5.444
5.558
4.373
5.808
5.668
4.512
5.26
5.054
3.678
6.166
5.754
5.025
4.923
5.713
4.421
4.931
5.685
5.482
4.408
4.315
4.172
6.019
6.296
6.159
5.02
4.719
5.324
4.062
6.129
4.849
4.306
4.631
4.684
4.565
3.915
5.082
4.824
4.71
4.751
4.612
5.253
4.252
3.654
4.93
4.976
4.697
4.688
5.032
4.084
4.325
4.129
3.703
4.109
4.655
4.157
4.27
4.361
4.421
3.915
4.281
4.394
4.301
4.059
4.111
3.704
3.475
3.809
4.114
4.267
4.144
4.115
3.846
3.949
3.74
3.645
3.146
3.219
3.034
3.1
3.157
3.108
3.578
3.561
3.679
3.482
3.892
3.827
3.709
3.795
3.698
4.238
4.131
3.913
3.812
3.87
3.665
3.812
3.629
3.965
3.772
3.888
3.788
3.691
3.87
4.043
3.745
3.969
3.889
3.642
3.36
3.853
3.644
3.941
3.42
3.563
3.673
3.93
3.916
4.15
4.412
4.305
4.108
4.057
3.674
3.301
3.414
3.497
3.968
3.54
3.594
3.358
3.459
3.721
3.611
3.858
3.681
3.232
2.94
2.712
2.682
2.622
2.581
2.545
2.266
2.474
2.416
2.586
2.972
2.754
2.82
2.818
2.778
2.633
3.111
2.577
2.802
2.64
2.679
2.565
2.433
2.354
2.36
2.399
2.467
2.829
3.094
2.919
2.925
2.608
2.432
2.382
2.5
2.399
2.149
2.038
2.519
2.754
2.917
3.027
2.762
3.029
3.124
3.105
2.918
2.782
2.544
2.854
2.94
3.42
3.97
4.505
4.781
4.704
4.646
4.914
5.107
6.115
5.336
6.11
6.065
6.122
6.827
5.706
6.467
6.077
5.406
6.283
5.131
5.678
5.729
5.231
5.103
5.26
4.709
4.434
5.144
5.065
4.439
4.959
4.78
4.052
3.98
4.698
4.542
4.058
3.557
3.757
3.859
3.631
3.989
3.48
3.435
3.429
3.118
3.589
3.169
2.877
3.015
2.589
2.844
3.372
2.275
2.669
2.365
2.116
2.213
2.023
1.646
1.014
2.948
1.954
2.883
2.942
2.594
2.287
2.922
2.685
1.872
1.126
1.041
2.925
3.34
3.052
2.49
2.336
2.333
1.893
2.735
3.341
1.215
2.62
1.478
2.498
3.065
3.695
2.686
4.882
4.103
2.825
1.681
2.806
4.569
3.739
3.829
3.932
3.585
3.68
3.488
3.356
2.004
4.015
3.467
4.63
4.415
3.404
4.173
4.716
5.754
5.506
5.482
4.719
5.378
4.412
5.5
6.455
5.996
5.104
5.283
5.563
4.625
5.77
4.614
4.175
5.836
7.46
7.79
11.23
10.07
9.7
10.03
10.09
9.91
8.84
9.1
6.858
6.234
6.133
6.079
6.397
6.416
6.642
5.382
4.727
4.469
4.868
4.754
3.86
3.653
3.653
3.331
3.665
3.72
3.515
2.643
2.767
2.989
3.233
2.876
3.496
3.255
3.613
2.798
3.562
2.58
2.872
3.539
4.706
4.061
3.754
3.53
3.811
3.963
4.109
4.181
3.728
3.472
3.871
3.953
3.478
3.07
3.51
3.28
2.579
2.441
1.907
1.682
2.1
1.922
1.266
.155
.288
1.116
1.219
.768
.818
1.102
1.033
.398
.27
.627
.568
.109
0
.17
.594
1.503
1.544
1.816
1.778
2.448
2.654
2.766
2.23
2.338
2.177
2.213
2.089
2.284
2.237
2.04
2.638
2.194
1.965
2.266
2.401
2.433
1.837
1.834
1.466
.812
.659
1.221
1.567
1.316
1.116
1.373
1.333
1.233
1.208
1.379
1.754
1.756
1.912
1.44
1.485
1.576
1.872
2.225
2.325
1.922
1.742
1.975
.932
1.527
1.921
2.154
2.131
2.13
2.255
2.143
1.936
1.893
1.584
1.628
1.716
1.807
2.013
1.928
2.063
1.905
2.109
1.94
1.843
1.95
1.996
1.99
2.099
2.305
2.323
2.104
2.014
1.489
1.213
1.216
1.023
1.142
1.248
1.162
1.499
1.402
1.613
2.23
2.567
3.073
3.342
3.807
3.936
4.69
5.1
5.202
4.66
4.182
5.512
5.813
6.016
5.864
5.379
4.953
4.896
4.93
5.105
4.892
4.949
4.915
4.849
5.212
5.293
4.756
4.4
4.265
4.408
3.612
4.221
4.15
4.411
3.514
3.796
3.1
2.917
2.671
2.282
3.266
3.141
3.074
2.834
3.136
2.772
3.005
3.509
4.062
2.721
4.893
4.007
3.507
4.937
3.528
4.639
4.68
4.042
3.355
4.369
5.337
4.51
4.143
5.197
2.849
4.482
5.418
4.091
3.331
4.715
5.144
5.072
3.916
5.46
4.999
5.678
2.54
3.833
5.818
4.701
4.349
5.177
4.942
4.124
3.36
4.567
4.089
5.562
3.67
3.056
5.721
4.05
3.328
3.808
3.499
3.188
5.091
3.01
3.88
3.257
4.83
4.47
3.895
4.749
3.658
3.498
4.745
2.594
3.318
3.499
3.323
4.331
3.106
4.743
3.089
2.527
4.845
4.81
4.097
3.218
3.729
3.408
2.266
5.379
1.922
4.507
4.141
2.553
3.206
4.572
4.28
3.737
3.042
2.769
4.637
3.568
2.586
2.927
4.095
3.885
4.172
3.937
2.972
2.907
3.845
2.755
3.529
3.044
3.864
3.308
3.377
3.588
3.083
3.095
3.159
2.802
2.8
2.808
2.79
2.937
2.953
2.935
2.927
3.078
3.173
2.997
3.043
3.028
2.774
2.743
2.552
2.687
2.649
2.791
2.818
2.766
2.943
3.491
3.453
3.313
3.47
3.464
3.541
3.521
3.766
3.625
3.247
3.415
3.106
3.251
3.184
3.141
2.874
3.044
2.527
2.69
3.096
3.661
3.469
3.268
3.143
2.921
2.952
2.891
3.148
3.37
3.318
3.57
3.937
3.489
4.047
3.655
4.439
4.322
4.004
4.577
4.163
4.283
4.319
4.481
4.534
4.567
4.922
4.753
4.89
4.427
4.855
4.775
5.106
4.477
4.092
4.34
4.379
4.261
4.063
4.649
4.398
4.546
4.146
4.043
3.787
4.239
4.71
4.5
4.551
4.345
3.923
4.313
4.025
4.574
4.594
4.136
4.257
4.099
3.8
3.495
3.612
3.543
3.647
3.215
3.092
2.976
3.052
3.133
3.007
3.178
3.12
3.091
3.417
3.222
3.217
3.101
3.275
3.202
3.252
3.384
3.17
3.095
3.105
2.987
2.738
2.688
2.539
2.645
2.904
2.802
3.317
4.093
3.861
4.416
3.546
4.052
4.548
5.304
5.282
5.605
5.804
6.323
6.438
6.827
6.212
6.931
6.549
6.087
5.98
6.642
6.773
6.2
6.469
6.061
6.181
5.918
6.077
5.992
6.304
5.356
5.219
5.424
5.817
4.853
4.81
4.404
4.744
3.812
4.533
3.779
3.37
3.221
3.157
3.74
2.908
2.984
3.705
3.648
3.373
2.705
2.822
3.472
1.729
2.576
2.261
3.109
3.698
1.619
1.798
3.138
1.984
1.867
3.853
3.625
1.622
2.263
3.405
3.458
3.508
1.026
2.266
3.603
2.468
1.814
4.617
3.142
3.687
2.122
4.147
3.927
4.241
5.13
3.533
4.857
2.721
2.055
3.493
1.68
3.43
4.609
4.176
2.45
3.325
3.947
3.675
2.703
1.987
3.162
4.555
4.05
3.651
5.346
3.39
3.244
4.497
5.248
4.873
3.604
2.81
3.355
3.649
3.416
3.848
4.233
4.25
3.784
3.996
3.797
3.77
3.204
5.662
4.691
5.138
6.13
4.554
3.582
3.167
4.384
3.639
3.896
4.447
3.188
3.181
4.85
4.754
4.441
5.476
4.239
4.514
4.204
5.144
4.957
4.568
4.104
5.134
5.964
6
4.751
4.183
4.622
3.506
4.285
3.62
3.544
3.485
3.105
3.142
3.04
3.036
2.882
3.101
2.949
3.028
2.941
2.648
2.729
2.66
2.547
2.86
3.075
2.975
3.278
3.471
3.617
3.505
3.594
3.591
3.954
3.703
3.686
3.425
3.51
3.587
3.332
3.341
3.397
3.3
3.486
3.604
3.896
3.908
4.466
4.05
3.894
3.831
3.961
4.067
4.166
4.1
3.702
3.966
3.865
3.93
3.802
3.83
4.126
3.739
3.721
3.699
3.854
3.817
4.022
3.977
4.063
4.174
4.489
4.688
4.114
4.03
4.64
4.587
4.609
4.753
4.924
4.857
5.628
5.296
5.138
5.056
5.207
4.849
5.139
5.18
5.115
4.978
5.702
5.47
5.373
5.556
6.064
6.32
6.062
6.252
5.462
6.088
6.434
6.106
5.921
5.816
5.532
5.508
5.247
5.382
5.392
5.436
4.986
4.655
4.657
4.649
4.24
4.956
4.401
3.907
4.731
4.42
3.812
3.769
3.345
3.064
3.731
3.79
4.019
3.781
3.489
3.588
3.815
3.412
3.326
3.45
3.888
3.602
3.698
3.398
3.15
3.456
4.178
4.123
4.07
4.558
4.287
4.751
5.368
6.085
4.977
6.064
6.768
5.709
6.069
6.765
4.884
6.197
6.923
6.483
6.793
6.516
6.651
5.991
5.428
6.513
5.673
5.773
6.027
6.606
5.672
6.294
4.949
5.904
5.304
5.405
5.186
5.05
5.403
4.858
4.514
4.997
4.774
4.24
5.769
4.677
5.067
5.079
4.922
4.592
5.167
4.84
4.064
5.722
3.089
5.996
6.032
4.649
3.067
4.698
3.603
5.057
5.325
3.898
4.849
5.435
4.623
5.601
4.36
3.792
4.893
3.846
5.732
5.299
3.757
5.908
5.417
4.96
4.144
4.558
5.179
4.552
5.101
5.07
6.002
3.781
3.669
5.667
2.146
6.72
4.191
3.273
6.665
5.369
6.954
7.25
4.706
5.178
5.521
5.983
4.704
5.66
4.817
3.656
3.761
7.15
4.294
5.399
4.817
5.237
6.117
5.933
3.402
6.6
5.357
6
5.084
6.084
4.722
5.732
5.517
4.116
5.624
4.316
7.45
5.07
4.994
5.848
6.591
4.461
4.515
5.145
6.636
5.964
5.598
6.272
5.589
5.639
6.478
6.378
5.644
4.834
5.816
5.728
4.913
4.923
5.032
5.409
5.305
6.515
5.635
5.683
5.225
6.462
4.913
4.765
4.309
4.243
4.505
4.09
3.684
3.102
3.347
3.427
3.241
3.009
2.671
2.504
3.04
2.978
2.915
2.489
2.488
2.323
2.359
2.238
2.301
2.15
2.324
2.154
2.582
2.592
2.695
2.588
2.469
2.659
2.67
2.562
2.299
2.177
2.155
2.43
2.421
2.335
2.596
2.941
2.746
3.246
2.971
2.861
3.136
2.836
2.646
2.146
2.431
2.607
2.336
2.523
2.333
2.269
2.009
2.11
2.14
2.081
2.183
2.139
1.65
1.317
1.599
2.035
2.055
1.576
1.27
1.416
1.799
1.928
1.92
1.833
1.515
1.337
1.504
1.624
1.627
1.527
.988
.539
.635
.698
.833
1.073
1.257
1.492
1.515
1.485
1.45
1.308
1.068
1.087
1.214
1.323
1.358
1.602
1.729
1.736
1.73
1.953
2.036
2.013
1.846
1.65
1.52
1.278
1.382
1.59
1.879
2.008
2.079
2.246
2.441
2.512
2.603
2.365
2.15
2.225
2.238
2.088
1.982
1.76
1.592
1.59
1.725
1.881
2.019
1.782
1.411
1.281
1.588
1.564
1.404
1.292
1.072
.723
.926
1.156
1.261
1.541
1.241
1.512
1.226
1.177
2.154
2.069
3.065
2.881
3.941
3.544
4.169
5.336
4.68
4.868
4.785
4.315
4.249
4.797
4.562
4.497
3.531
3.636
3.656
3.707
3.641
4.019
3.402
4.095
3.753
4.275
4.301
4.83
3.938
3.478
3.516
3.761
3.697
3.234
4.273
3.864
3.851
3.339
3.005
4.117
4.865
4.541
5.05
4.883
3.74
4.654
5.505
5.433
3.687
5.269
4.6
4.844
3.516
5.924
4.494
6.56
4.03
4.768
5.551
4.835
4.795
5.017
4.475
5.43
1.902
4.581
5.765
2.532
5.339
3.573
4.197
5.897
5.245
5.192
3.882
5.134
5.266
4.48
5.549
2.465
3.78
5.192
4.911
3.831
4.108
4.469
5.116
4.921
4.407
5.134
4.171
4.043
2.768
5.376
4.643
6.185
5.616
5.347
4.939
5.325
5.82
5.122
4.162
4.96
5.625
5.638
5.887
4.657
5.078
4.281
5.132
5.477
4.777
6.438
5.372
6.276
6.021
4.598
4.082
5.85
5.234
6.351
5.58
3.817
5.278
5.44
4.358
5.354
5.919
4.963
4.823
4.379
4.29
5.153
5.187
4.738
5.023
4.919
4.704
5.089
4.959
4.634
4.105
4.454
4.425
3.543
4.125
3.614
3.522
3.712
3.463
3.019
3.335
3.201
3.105
3.019
2.857
2.678
2.654
2.75
2.686
2.8
2.833
2.722
2.849
3.01
3.076
3.263
2.883
2.969
2.734
2.625
2.479
2.492
2.313
2.452
2.481
2.362
2.392
2.577
2.702
2.629
2.555
2.461
2.427
2.461
2.408
2.424
2.656
2.801
2.998
3.023
2.862
2.972
2.968
2.871
2.894
2.869
2.941
2.917
3.301
3.424
3.654
3.27
3.196
3.014
2.967
3.148
3.15
3.18
3.078
3.194
3.097
2.975
3.088
2.813
2.978
2.737
2.465
2.531
2.561
2.611
2.65
2.561
2.389
2.311
2.18
2.241
2.248
2.323
2.304
2.35
2.327
2.559
2.475
2.202
1.779
1.543
1.608
1.854
2.081
2.17
2.188
2.152
2.059
1.952
1.792
1.678
1.69
1.681
1.718
1.962
2.447
3.064
2.766
2.534
2.472
2.418
2.544
2.534
2.297
2.544
2.297
2.306
2.038
1.92
2.06
2.267
2.537
2.721
2.922
3.014
2.987
2.99
2.915
2.933
2.97
3.006
3.068
3.192
3.101
3.33
3.026
3.656
3.898
3.314
4.089
4.089
4.892
4.983
6.012
6.751
4.981
5.576
5.932
4.999
5.505
5.017
5.604
6.569
6.077
5.882
5.466
5.431
5.877
4.99
5.016
6.04
6.811
6.686
6.379
5.039
5.227
5.476
5.732
4.391
5.294
6.05
5.105
5.812
4.732
5.231
5.745
5.535
5.64
5.486
5.164
4.558
4.68
5.341
5.07
4.228
5.628
4.581
4.581
5.157
5.173
6.013
5.305
5.659
5.314
4.686
4.504
5.545
5.915
5.454
6.402
5.073
6.744
6.704
5.067
6.247
5.151
6.221
4.759
5.744
4.502
5.498
4.948
4.63
5.929
5.663
5.573
5.615
4.603
5.772
4.956
4.491
3.828
4.912
5.473
3.58
4.81
5.552
4.233
6.438
4.767
5.026
5.927
5.878
4.921
5.073
4.84
4.714
4.984
5.012
4.373
5.124
4.874
4.299
4.342
5.118
4.747
5.349
6.009
4.52
5.316
4.686
4.606
3.762
4.602
4.807
5.258
4.63
3.687
5.715
3.733
3.111
4.953
2.919
4.408
4.215
3.781
5.314
3.658
4.983
4.898
4.868
3.685
3.2
4.114
4.491
3.411
3.78
4.099
4.238
4.236
4.221
4.375
3.788
4.119
3.134
2.836
3.125
3.142
3.154
2.667
2.531
2.526
2.549
2.62
2.798
3.032
3.034
2.79
2.779
2.932
2.903
3.057
3.311
3.809
3.335
3.241
3.2
3.264
3.225
3.627
3.628
3.681
3.201
3.291
3.4
3.385
3.687
3.515
3.021
2.969
3.035
2.911
2.854
2.841
3.027
3.298
3.502
3.408
3.577
3.521
3.419
3.61
3.602
3.411
3.502
3.58
3.966
4.223
4.375
4.323
4.304
4.122
4.092
4.234
4.562
4.298
4.307
4.445
5.019
5.026
4.832
5.013
5.087
5.162
4.952
4.555
4.262
4.442
5.105
4.783
5.17
4.995
5.046
4.829
5.048
4.484
4.949
5.923
5.676
5.519
4.923
5.042
5.198
5.063
5.256
4.967
5.252
5.281
4.897
4.697
5.01
4.64
4.714
4.744
4.469
5.205
4.685
5.008
4.669
5.258
5.186
4.461
4.484
5.084
4.84
5.129
4.568
4.687
3.665
3.894
3.429
3.533
3.179
2.936
2.877
2.974
2.663
2.944
3.008
2.923
2.753
2.77
2.875
2.892
2.978
2.876
3.1
3.716
4.323
4.679
3.922
4.462
4.168
4.371
5.189
5.261
5.05
5.71
6.351
6.18
6.805
6.696
6.317
7.13
6.286
6.821
6.704
6.717
6.407
5.452
5.764
5.862
5.251
5.504
6.103
5.342
5.714
4.563
5.22
5.041
5.627
4.693
5.147
5.696
5.013
5.041
4.443
5.203
4.764
4.861
4.281
4.434
4.826
4.328
4.269
4.719
3.925
5.035
5.043
4.964
4.479
4.132
5.393
5.532
4.947
4.671
4.927
5.418
4.127
5.603
5.022
5.002
4.113
5.543
4.839
4.933
5.048
6.054
6.058
3.882
6.419
5.401
3.71
5.413
4.977
4.702
5.295
5.232
4.337
5.401
4.27
4.721
4.989
4.722
3.508
2.316
1.967
5.653
3.752
2.573
3.503
4.624
3.924
3.185
2.611
4.192
4.39
3.199
3.493
3.241
2.172
4.57
4.474
1.515
2.682
1.786
2.499
4.256
3.264
2.941
2.946
2.563
3.063
4.209
3.987
5.615
4.057
4.075
3.91
4.427
4.738
4.063
4.64
3.134
3.483
3.136
4.116
2.677
2.385
2.625
5.003
3.923
3.874
4.23
3.467
3.145
4.157
3.386
4.293
3.377
4.36
5.117
4.042
3.761
3.42
3.643
4.012
3.86
3.892
4.242
4.642
3.452
4.794
4.952
5.13
5.078
5.409
5.371
5.194
5.233
5.387
5.173
5.169
4.523
4.316
4.37
4.197
4.165
3.477
3.885
3.92
3.969
4.102
3.899
4.014
3.936
3.871
3.921
3.555
4.013
5.435
5.585
5.52
6.094
5.976
5.616
5.624
5.415
5.355
4.528
4.877
5.252
5.151
5.329
5.323
4.115
4.656
4.255
2.847
3.429
3.592
3.551
3.325
3.452
2.777
3.234
3.181
3.143
3.613
3.594
2.72
2.417
2.021
2.313
1.769
1.761
1.947
1.565
1.789
1.084
1.166
.325
.296
.39
.682
.371
.593
2.218
2.24
.685
1.062
2.519
2.449
1.649
2.017
2.67
2.524
2.758
2.956
3.996
4.637
4.951
4.665
4.681
5.628
5.622
5.102
5.906
5.609
5.151
5.955
5.436
6.877
6.478
7.1
5.961
4.824
5.528
4.915
5.292
5.932
5.472
5.806
4.921
5.063
5.125
5.536
5.68
4.521
3.94
4.401
4.019
4.307
3.424
3.48
2.661
2.862
2.632
2.927
2.746
2.383
1.73
1.42
1.989
1.603
.592
.206
.447
1.44
2.41
2.733
2.438
2.977
2.933
1.6
2.838
2.798
2.906
3.984
4.253
3.017
3.4
2.999
4.899
5.23
5.181
5.412
6.294
6.31
6.316
7.19
6.753
5.869
5.797
5.384
5.363
4.771
5.368
5.716
6.182
5.781
5.588
5.523
5.375
4.911
4.596
4.078
5.264
4.908
4.086
4.986
4.476
4.745
4.897
3.565
5.221
3.851
4.257
4.476
4.406
3.451
4.658
3.791
3.788
3.281
2.592
3.209
3.718
4.272
2.678
3.258
3.55
3.403
3.515
3.594
4.11
2.269
3.829
3.535
3.252
1.799
1.597
2.606
2.044
2.404
6.525
5.784
5.156
4.297
6.637
10.07
9.24
10.65
8.77
6.961
7.85
8.57
7.39
5.484
5.615
5.812
5.904
5.543
5.289
6.146
5.947
5.852
6.292
5.804
5.369
5.31
5.089
3.971
3.891
4.189
3.948
4.367
3.838
4.714
4.341
4.284
3.997
3.269
3.551
3.214
4.088
5.391
4.631
4.19
3.157
2.811
2.54
2.971
3.468
2.815
3.263
3.92
3.754
3.986
4.506
4.566
4.9
4.9
4.347
4.567
4.958
4.337
5.357
5.443
4.821
5.248
5.199
5.528
6.318
6.562
6.272
7.17
6.069
6.849
6.663
6.281
5.513
5.938
4.575
4.041
4.043
3.569
3.471
3.512
3.505
3.72
3.456
3.231
2.66
3.174
3.123
2.985
3.086
3.596
3.813
4.114
3.573
4.001
3.051
3.06
2.369
1.744
1.112
.546
.25
.047
.763
1.516
1.75
1.466
1.336
1.623
1.277
1.137
1.555
1.565
1.657
1.809
1.945
2.305
2.252
2.113
1.542
.611
.811
.464
.257
.493
1.917
1.287
1.07
.972
1.332
1.981
2.329
1.986
2.922
2.941
3.23
2.855
2.483
2.365
1.879
1.698
1.864
1.631
.504
.964
.97
1.179
1.379
1.993
2.48
2.266
2.291
2.526
2.527
2.26
2.131
1.917
1.978
1.776
1.758
1.585
1.557
1.762
1.795
2.147
1.557
1.521
1.272
1.391
1.545
1.73
1.8
1.954
1.974
1.922
2.146
2.129
2.064
1.874
1.714
1.452
1.135
1.267
1.462
1.512
1.493
1.298
1.37
1.282
1.1
.772
.546
.351
.161
.272
.474
.667
.333
0
.348
.629
.716
.763
1.131
1.103
.733
.437
.205
.224
.516
.73
1.001
1.068
1.614
1.58
1.81
2.003
2.522
3.25
3.443
3.99
4.702
5.499
4.112
5.502
5.131
5.178
4.748
4.849
3.457
4.776
4.706
4.584
4.931
5.092
4.617
4.351
4.079
5.141
4.722
5.217
5.319
5.388
4.912
4.886
4.839
5.382
5.757
4.984
5.084
5.119
5.046
5.348
4.737
4.678
5.236
3.595
4.069
4.073
3.996
4.764
4.635
5.31
5.055
3.951
5.158
3.809
3.572
4.422
4.128
4.316
4.531
4.32
3.949
3.952
4.207
4.821
3.408
5.225
4.392
4.405
4.668
5.119
4.752
4.837
3.949
4.425
5.97
5.055
4.004
4.981
4.946
4.947
5.269
5.372
5.613
5.58
5.095
5.111
5.005
4.73
5.691
5.067
4.784
4.623
5.237
5.249
4.356
4.789
4.503
4.628
4.45
3.912
5.614
3.786
5.267
4.223
4.842
6.252
6.168
4.969
5.805
4.61
4.845
5.111
4.199
4.989
5.129
4.908
6.07
5.688
5.333
5.085
5.537
5.074
5.27
5.086
4.484
4.655
4.639
4.358
4.893
3.937
3.44
3.706
3.615
3.668
3.778
3.937
3.597
3.973
3.359
3.876
3.688
3.953
3.734
3.177
3.675
3.336
3.274
3.624
3.292
2.991
2.512
2.369
2.618
2.455
2.586
2.695
2.736
2.519
2.668
2.644
2.59
2.716
2.648
2.717
2.744
2.611
2.605
2.719
2.62
2.497
2.602
2.594
2.568
2.388
2.477
2.851
2.755
3.124
2.948
2.965
3.158
3.055
3.363
3.046
3.272
3.496
3.08
2.863
3.16
2.837
2.342
2.682
3.394
3.707
2.938
3.102
3.077
2.925
4.965
5.132
4.939
4.558
4.582
4.169
3.866
3.689
3.375
4.032
3.709
3.767
3.575
3.533
3.646
3.508
3.267
3.372
3.03
3.059
2.984
2.968
2.949
2.787
2.718
2.97
2.797
3.111
2.773
2.883
2.632
2.493
2.323
2.58
2.353
2.226
2.336
1.96
1.981
2.253
2.57
2.468
2.326
2.385
2.622
2.58
2.635
2.412
2.126
2.253
2.217
2.108
2.113
2.158
2.102
1.81
1.515
1.278
1.591
1.422
1.364
1.581
1.45
1.522
1.679
1.723
1.928
1.991
2.117
2.043
2.051
2.241
2.264
2.308
2.18
1.899
1.918
1.969
2.209
2.636
2.594
2.508
2.432
2.746
2.204
2.816
2.467
2.541
2.936
2.931
2.643
3.501
4.132
4.035
4.837
4.877
5.085
4.522
4.7
5.504
5.409
4.751
5.616
5.164
6.159
5.931
5.306
5.722
5.376
4.843
5.842
5.863
6.736
5.756
6.245
5.387
5.598
5.547
5
5.032
4.954
5.188
6.306
6.1
4.767
5.684
5.576
5.361
6.101
4.46
5.376
5.495
3.477
5.333
4.627
4.012
3.347
4.215
3.942
3.588
5.18
4.311
3.303
5.23
3.078
3.875
4.333
4.802
5.677
5.639
4.857
4.528
4.555
5.027
5.702
5.453
4.353
5.02
4.965
4.848
4.813
5.168
6.077
4.382
5.431
4.468
5.233
5.181
4.88
2.766
5.73
5.022
4.84
4.29
6.12
5.132
5.463
4.197
4.209
5.681
3.954
4.279
4.808
3.347
5.38
4.608
3.858
5.446
4.492
4.045
6.215
4.65
5.75
5.567
6.815
5.883
5.597
5.166
5.224
4.912
4.341
5
5.831
5.289
6.477
6.363
5.148
6.88
4.666
6.667
5.963
5.239
5.512
4.446
5.006
3.649
4.485
5.13
4.861
5.389
5.076
4.796
5.387
3.933
4.621
5.295
5.15
6.625
5.142
5.348
4.594
3.349
3.704
2.8
5.06
5.18
7.31
9.29
9.28
9.44
10.13
8.65
6.733
7.07
6.767
7.49
8.03
8.14
7.26
5.623
6.414
5.923
6.336
5.247
3.584
2.444
1.862
2.065
1.355
.568
.611
2.131
2.818
2.178
2.219
2.491
2.718
3.124
3.604
2.846
3.046
2.798
2.54
2.627
2.224
1.485
2.677
3.148
3.157
3.749
3.995
4.007
3.388
3.034
3.045
2.872
2.517
2.419
2.132
2.647
2.612
2.899
2.719
2.765
3.49
2.873
3.014
2.76
2.799
2.82
3.04
2.883
3.008
3.464
3.915
4.123
3.461
3.29
3.171
3.414
3.58
3.611
4.168
3.989
4.102
3.926
3.672
4.335
4.014
3.786
3.364
3.271
3.137
3.016
2.803
2.525
2.188
1.796
1.812
1.94
1.7
1.36
1.57
2.042
2.456
2.446
2.586
2.612
2.928
2.698
2.771
2.664
2.343
2.501
2.162
2.39
2.66
2.501
2.484
2.8
2.789
2.61
2.396
2.342
2.54
2.791
2.732
2.797
2.676
2.41
2.714
2.553
2.763
3.193
3.103
2.755
3.253
3.312
2.953
2.981
2.799
3.284
3.045
2.847
2.5
2.807
2.322
3.016
2.746
2.987
3.13
3.387
3.722
3.301
4.651
4.022
4.026
4.924
3.491
2.767
3.323
3.001
4.073
3.334
3.335
3.269
3.961
4.697
4.439
2.968
3.794
3.942
2.811
3.283
3.236
2.979
3.326
2.596
.708
1.891
1.457
.735
1.199
1.903
3.481
2.075
2.27
3.133
3.678
3.973
2.724
2.9
1.9
2.043
1.054
2.178
1.458
3.249
3.377
1.424
2.331
1.561
2.929
5.798
5.496
5.758
5.977
4.672
4.776
4.387
5.168
5.102
5.572
5.273
4.202
4.894
5.214
4.355
3.283
3.933
4.506
6.025
5.763
5.291
6.227
6.022
4.614
4.227
4.169
4.701
4.745
5.384
6.228
5.008
5.379
4.615
5.232
5.56
5.621
7.05
8.09
6.34
4.509
5.052
5.172
5.981
5.447
5.247
4.242
4.821
5.245
5.833
5.419
5.114
4.137
3.85
3.256
2.796
2.929
2.891
2.348
2.096
2.508
2.014
2.387
.981
1.001
2.138
1.265
1.206
1.502
1.614
1.723
3.457
3.417
3.444
4.027
3.566
3.987
2.955
3.774
4.303
3.835
3.747
3.43
2.825
2.25
2.06
1.378
1.203
.931
.666
.637
2.203
2.609
2.134
2.008
2.085
1.81
1.697
1.515
2.173
2.385
2.874
3.409
3.106
3.042
3.302
3.826
3.761
3.381
3.445
3.906
4.116
4.447
6.136
5.421
4.706
4.131
3.534
3.696
4.297
4.181
3.822
3.604
2.969
3.13
2.72
2.808
2.559
2.259
1.864
1.412
1.488
1.546
1.527
1.407
1.212
1.739
2.88
4.197
3.994
3.607
3.464
3.381
3.912
3.154
2.866
2.822
4.761
3.865
2.843
2.42
2.658
2.547
2.118
2.449
2.384
2.16
2.207
2.215
2.149
2.187
3.025
2.644
1.715
1.966
2.925
2.394
2.144
1.976
2.424
2.637
2.129
1.821
1.677
2.075
1.958
1.746
2.148
2.527
2.66
2.61
2.865
2.534
2.376
2.418
2.112
2.034
2.337
2.404
2.456
2.762
3.259
2.837
2.982
3.047
3.284
3.27
2.841
2.844
2.946
3.467
3.457
3.317
3.8
3.534
3.541
3.54
3.936
4.193
3.735
3.901
3.75
3.454
3.433
3.242
3.32
3.128
3.335
2.812
3.052
3.373
3.335
3.614
4.083
3.667
3.791
3.957
3.819
4.003
4.044
4.022
4.364
4.23
4.249
4.948
4.078
4.219
4.301
4.301
4.843
4.178
4.355
4.641
4.07
4.039
4.707
4.89
5.184
4.959
4.116
4.441
4.178
5.642
5.148
4.601
4.087
4.652
5.397
6.155
4.946
6.072
6.785
7.34
6.933
7.03
6.961
6.734
6.979
7.61
7.14
7.59
7.05
8.07
7.56
7.66
6.558
7.35
7.88
7.89
6.802
7.44
7.28
8.58
8.59
7.69
8.08
6.999
7.51
7.63
7.61
7.98
7.67
8.37
8.09
7.8
8.14
9.04
8.07
7.19
7.13
6.61
7.08
7.19
8.05
7.38
7.22
9.07
8.22
8.34
8.08
6.734
7.13
7.64
8.02
8.08
8.16
7.24
7.97
7.75
8.53
8.37
6.975
7.24
8.19
7.25
8.5
7.31
8.43
8.27
6.236
7.42
7.67
6.684
7.69
6.833
7.27
7.58
5.586
5.841
7.23
6.8
6.74
5.421
5.735
6.987
6.435
6.501
6.399
7.25
6.497
5.278
5.656
5.602
4.693
5.837
5.084
6.781
6.404
5.19
5.619
5.496
5.542
5.825
4.956
4.968
6.012
5.235
5.925
5.731
4.425
5.344
5.532
5.791
5.215
4.522
4.015
4.079
4.162
4.203
3.707
3.403
3.232
3.311
3.538
3.381
3.156
3.303
3.515
3.338
3.295
3.437
3.465
3.174
2.96
3.268
3.133
3.378
3.041
2.63
2.71
2.866
3.134
3.24
3.367
3.39
3.33
3.488
3.798
3.446
3.265
3.444
3.633
3.514
3.546
3.709
3.952
3.83
3.573
4.105
3.821
3.637
3.579
3.336
3.234
3.103
3.239
3.27
3.382
3.46
3.532
3.006
2.987
2.689
2.583
2.55
2.281
2.261
2.382
2.411
2.275
2.246
2.212
2.113
2.431
2.477
2.419
2.606
2.76
2.619
2.741
2.694
2.594
2.571
2.821
2.8
2.668
2.672
2.783
2.923
3.28
3.073
3.171
3.018
3.066
3.185
3.085
3.208
3.402
3.354
3.155
3.086
2.961
3.058
2.959
2.948
2.971
2.877
2.733
2.407
2.324
2.532
2.553
2.45
2.36
2.535
2.541
2.814
2.901
3.063
3.518
3.768
3.83
3.606
3.531
3.299
3.621
3.236
3.143
3.307
3.42
3.443
3.578
3.319
3.712
3.553
3.422
3.301
3.161
3.279
3.457
3.59
3.399
3.326
3.351
3.525
3.572
3.21
3.244
3.071
3.207
3.707
3.668
3.803
4.001
4.241
3.686
3.653
3.816
4.166
4.379
4.171
3.857
4.173
3.925
3.869
3.568
4.52
4.572
4.277
3.935
3.578
4.601
4.406
3.713
3.775
3.807
3.616
4.005
3.747
3.983
4.234
3.766
3.958
4.403
4.297
4.271
3.687
4.941
4.564
4.978
4.505
5.069
4.994
5.718
4.877
3.962
5.504
4.948
5.542
6.538
6.508
6.947
6.881
5.782
5.972
6.66
6.2
5.572
5.124
6.399
6.15
6.587
6.007
6.285
6.592
7.05
6.596
6.522
6.215
7.1
5.477
5.349
7.02
6.137
7.26
6.051
6.094
5.853
5.753
6.093
5.671
5.069
5.561
5.638
6.598
4.937
5.343
4.731
5.764
5.462
5.316
5.883
4.647
4.015
5.66
5.742
6.026
5.578
4.72
6.629
5.777
5.816
5.354
4.406
5.408
5.837
5.543
5.346
6.348
5.292
5.846
5.565
6.296
7.02
6.064
6.239
6.041
5.156
6.509
7.2
6.982
6.059
6.033
5.853
4.783
5.198
6.099
5.247
5.31
5.491
4.757
4.831
5.197
5.255
5.527
5.4
4.875
5.23
4.672
5.012
4.557
4.617
4.929
4.598
4.539
4.319
4.448
4.206
4.866
4.565
3.933
4.408
4.078
3.475
3.057
3.299
3.681
3.61
3.546
3.426
2.857
2.566
2.65
3.123
3.079
3.077
2.901
2.711
2.686
2.882
2.911
2.963
2.898
2.848
2.956
3.016
2.809
2.699
2.684
2.922
2.796
2.678
2.538
2.4
2.384
2.578
2.716
2.845
2.837
2.952
2.935
2.886
2.809
2.774
2.933
3.342
3.415
3.004
2.629
2.63
2.633
2.767
2.862
2.61
2.511
2.564
2.832
2.824
2.924
3.252
3.413
2.97
3.036
3.251
3.208
3.244
3.232
3.228
3.254
3.03
2.932
2.993
2.96
3.085
3.141
3.163
2.767
2.863
2.941
2.899
2.857
2.333
2.488
2.44
2.233
2.018
2.127
2.141
2.066
2.17
2.139
1.999
1.85
1.999
2.156
2.432
2.577
2.409
2.41
2.441
2.341
2.275
2.32
2.507
2.536
2.487
2.48
2.571
2.356
2.359
2.274
2.426
2.501
2.408
2.152
2.233
2.205
2.437
2.614
2.672
2.92
3.247
2.914
2.785
2.323
2.649
2.628
2.643
2.5
2.838
2.898
2.412
2.57
2.289
2.073
2.096
1.924
1.747
1.707
1.74
1.969
2.098
2.244
2.519
1.971
2.044
2.183
2.646
2.456
2.298
1.855
2.137
2.189
2.625
2.597
2.373
2.38
2.469
2.984
3.032
2.435
2.685
2.262
2.445
2.863
2.672
2.459
3.186
3.342
2.773
3.268
2.185
3.578
3.922
3.056
3.029
2.757
4.053
3.923
2.739
4.704
4.095
2.71
4.511
2.647
4.261
3.496
4.703
4.091
4.516
3.959
4.788
3.783
3.386
5.559
3.245
3.33
3.123
3.56
4.69
4.827
4.386
1.613
3.484
4.748
2.326
4.192
5.51
3.412
3.745
3.851
5.742
4.756
4.034
3.794
3.721
3.487
3.607
4.805
5.34
3.216
4.865
4.6
2.938
4.962
5.511
3.143
3.416
3.426
4.685
2.83
3.227
2.036
3.994
4.561
4.199
5.206
2.186
1.692
2.813
2.806
2.271
3.738
3.94
5.213
4.543
3.637
1.504
3.074
4.45
4.075
4.289
3.254
3.65
4.812
2.404
3.504
5.067
4.976
3.241
3.513
3.928
3.844
4.271
3.14
4.916
3.96
2.997
2.631
3.35
4.622
3.398
2.919
3.537
4.139
3.526
3.474
4.261
4.148
4.054
4.336
3.676
3.076
3.096
3.398
3.948
3.505
3.444
3.192
3.004
2.801
2.801
2.618
2.713
2.83
2.352
2.282
2.212
2.126
2.294
2.508
2.469
2.396
2.494
2.656
2.683
2.702
2.677
2.818
2.838
2.883
3.194
3.354
3.218
3.448
3.339
3.278
2.909
2.669
2.646
2.45
2.499
2.557
2.476
2.513
2.931
3.281
3.118
2.734
2.828
2.742
2.727
2.542
2.444
2.474
2.206
2.011
2.441
2.577
2.671
2.8
2.921
3.048
3.005
3.056
2.945
2.918
2.812
2.86
2.577
2.614
2.599
2.316
2.256
2.594
2.528
2.605
2.688
2.783
2.651
2.672
2.551
2.475
2.546
2.284
2.266
2.01
1.959
2.067
2.034
2.346
2.334
2.526
2.334
2.173
2.453
2.503
2.09
1.813
1.815
1.682
1.463
1.298
1.398
1.353
1.487
1.779
1.578
1.553
1.423
1.414
1.486
1.258
1.324
1.303
1.066
.989
.54
.168
0
0
.574
1
1.038
1.049
1.395
1.608
1.766
1.701
1.602
1.848
2.262
2.139
2.197
2.405
2.165
2.082
2.378
2.189
2.024
1.727
1.411
1.16
1.172
.864
.742
.979
.867
.895
.977
.731
.697
.403
.401
.216
.173
.262
.579
.428
.377
.269
.194
.392
.417
.483
.145
.91
.934
.46
1.137
.921
1.74
1.658
2.224
1.779
2.824
1.578
3.411
3.051
3.648
3.534
3.123
3.397
2.973
2.327
2.942
4.858
4.242
3.668
3.544
3.785
4.065
4.094
3.751
3.059
4.428
3.609
4.514
3.192
3.914
3.542
4.247
4.764
4.749
4.175
4.073
4.203
2.919
5.588
4.852
3.437
4.685
4.599
4.973
4.988
4.896
3.622
5.107
3.108
5.03
3.457
4.042
4.781
4.774
2.683
3.302
5.011
3.329
3.368
4.528
2.405
4.875
4.991
2.842
5.539
5.787
5.098
3.42
3.366
6.146
4.554
5.188
4.997
4.128
5.584
4.583
3.424
4.702
6.889
4.114
4.119
4.903
4.521
6.69
4.795
4.164
4.966
5.664
4.998
5.973
4.024
3.174
4.179
6.068
5.09
5.228
4.935
4.973
5.309
5.468
5.331
6.215
6.393
4.497
5.036
6.338
5.693
4.379
5.623
4.792
4.547
6.272
6.167
5.14
4.758
4.336
4.805
4.929
4.898
4.67
4.623
4.467
4.275
4.492
4.529
3.777
4.333
3.835
3.574
3.8
3.596
3.508
3.416
3.557
3.51
3.424
3.098
2.85
3.131
3.004
2.945
2.781
2.791
2.781
2.702
2.504
2.452
2.867
3
2.76
2.832
2.684
2.734
2.943
3.125
3.702
3.783
3.66
3.936
4.165
4.318
3.779
3.542
3.609
3.221
3.196
2.926
3.443
3.154
3.238
3.081
2.881
3.277
3.091
2.87
2.756
2.62
2.469
2.45
2.056
1.914
2.01
1.792
1.824
2.259
2.267
2.209
2.199
2.157
2.074
2.002
1.824
1.767
1.904
1.875
2.167
2.349
2.393
2.182
2.207
2.226
2.165
2.241
2.068
1.884
1.743
1.767
1.824
1.823
1.951
1.931
1.938
1.87
1.732
1.751
1.507
1.455
1.477
1.341
1.264
1.388
1.391
1.34
1.16
1.251
1.449
1.446
1.397
1.255
1.043
.951
.884
.867
.962
1.157
1.218
1.105
1.376
1.837
2.149
2.047
2.202
2.356
2.581
2.628
2.845
2.773
2.319
2.312
2.208
2.179
2.184
2.289
2.344
2.198
1.886
1.521
1.503
1.558
1.954
1.79
1.925
1.937
1.878
2.191
2.173
2.1
1.932
1.987
1.523
1.409
1.478
1.684
1.291
1.374
1.232
.876
.951
1.113
1.721
2.052
2.489
.906
1.844
2.757
2.345
1.404
1.981
1.521
1.43
2.463
2.79
2.607
1.253
2.168
1.505
1.089
.738
.95
1.13
1.527
.915
1.574
1.402
1.423
1.243
.969
2.853
3.043
2.908
3.255
1.262
1.917
2.685
3.569
3.005
2.904
1.886
3.637
2.217
1.62
2.043
2.266
2.974
1.64
2.096
2.673
1.247
1.402
2.053
1.506
1.196
.602
2.241
1.231
1.235
2.847
3.227
1.967
1.219
2.89
3.003
1.227
1.368
3.641
2.256
1.712
1.478
3.667
3.275
1.594
2.188
3.011
3.282
2.434
1.339
1.291
1.368
2.883
1.86
2.275
2.56
4.013
3.15
2.038
2.523
2.015
.718
.827
2.956
1.778
1.58
3.575
4.009
2.935
2.803
3.762
3.693
5.49
3.663
3.731
4.229
3.496
3.399
3.419
3.64
2.822
3.666
3.882
5.965
6.063
6.307
5.34
5.649
6.076
5.404
5.862
5.291
5.058
4.597
4.775
4.498
4.238
4.175
4.601
4.859
6.432
5.739
5.158
5.426
4.492
4.284
4.899
4.754
3.72
3.442
3.871
4.175
4.152
4.058
3.876
3.938
3.577
3.03
3.296
3.304
3.06
2.991
3.109
3.154
2.85
3.491
3.661
3.668
3.566
3.198
3.494
3.064
3.199
3.4
3.37
3.066
3.325
3.275
3.116
2.73
2.622
2.391
2.028
1.831
1.982
2.26
2.407
2.447
2.302
2.102
2.29
2.687
2.746
2.803
2.685
2.703
2.617
2.58
2.556
2.721
2.339
2.408
2.252
1.825
2.08
1.907
2.036
2.113
2.101
1.821
1.861
2.11
2.192
2.568
2.783
3.014
2.779
2.542
2.748
2.814
3.021
2.941
2.791
2.343
2.358
2.055
1.785
1.583
1.719
1.622
1.659
1.643
1.85
1.751
1.658
1.653
1.526
1.854
1.893
2.098
2.245
2.107
2.072
1.919
1.663
1.681
1.507
1.446
1.484
1.547
1.631
1.692
1.655
1.84
1.947
1.598
1.246
.886
.689
1.312
1.914
1.999
1.962
1.937
1.907
1.803
1.713
1.695
1.435
1.811
2.052
1.523
1.39
1.137
1.223
1.32
1.366
1.783
1.687
1.681
1.817
1.751
2.135
1.804
2.173
2.317
2.878
3.178
3.617
2.766
3.409
3.366
3.102
3.578
4.066
3.871
3.574
5.024
4.461
4.5
4.646
4.957
5.241
4.785
5.007
5.53
5.349
5.652
6.216
5.348
6.175
6.138
6.299
5.478
5.47
5.278
4.939
4.795
5.55
5.192
5.578
5.62
5.7
5.69
5.842
4.924
4.631
5.311
4.784
4.897
5.142
4.878
4.588
4.581
5.426
4.842
4.838
4.414
4.206
3.625
4.899
4.857
5.916
6.045
5.298
5.42
5.646
4.316
4.506
3.385
5.759
4.337
4.973
6.263
4.966
5.925
4.802
4.487
5.109
5.132
4.192
5.369
4.559
4.784
4.749
3.868
5.44
5.159
4.987
5.284
5.59
6.033
6.68
6.334
5.229
5.241
4.889
5.663
6.555
5.949
6.443
6.135
6.333
5.37
5.492
5.496
5.54
5.759
5.7
5.872
6.704
6.058
5.889
7.05
5.878
6.321
4.743
6.296
4.448
5.026
2.948
6.994
5.269
6.969
7.52
7.28
7
5.557
5.508
5.386
3.452
1.904
5.148
6.179
6.89
6.891
7.53
6.767
6.106
5.61
6.99
6.338
6.418
5.894
6.609
5.733
5.823
5.589
6.778
5.948
6.019
4.976
4.842
5.222
5.106
4.628
5.143
5.031
5.636
4.309
3.994
3.366
3.694
3.604
3.88
4.027
4.195
4.208
4.286
3.805
3.632
3.583
3.206
4.195
4.329
4.082
4.533
4.097
3.652
3.66
4.066
4.209
4.357
4.721
3.995
3.945
4.091
4.133
4.365
4.077
4.419
4.018
3.169
3.865
4.308
4.431
3.764
3.269
3.55
3.778
3.697
3.715
3.987
4.059
4.226
4.39
4.983
4.447
4.792
5.643
6.264
5.695
5.091
5.329
5.553
4.892
4.942
4.421
4.419
3.814
3.764
3.451
3.144
2.735
2.811
2.982
2.922
2.78
2.666
2.64
2.701
2.603
2.499
2.464
2.691
2.654
2.249
2.298
2.373
2.369
2.225
1.96
1.842
2.042
2.221
2.553
2.434
2.307
2.312
2.56
2.582
2.377
2.344
2.061
2.227
2.244
2.109
1.819
1.606
1.59
1.076
1.218
1.301
1.466
1.286
1.414
1.698
1.97
1.778
1.507
1.209
.88
1.062
1.169
1.227
1.329
1.79
2.225
2.859
2.449
2.665
2.95
3.363
3.204
4.112
3.619
3.148
3.501
3.152
2.9
3.143
3.663
3.301
3.046
2.867
2.971
3.59
3.696
3.934
4.017
4.673
4.234
4.334
4.497
4.785
6.185
4.822
4.562
5.577
4.441
5.358
5.509
5.081
5.024
4.889
5.434
5.719
5.928
6.378
5.756
5.575
6.22
6.091
6.698
6.029
5.986
5.526
5.66
6.007
5.649
5.417
5.463
5.308
5.357
4.23
4.807
5.517
5.394
5.788
4.8
4.934
5.8
5.567
4.805
4.897
4.067
4.77
4.427
4.815
5.432
4.592
4.075
5.637
5.159
5.613
5.62
4.732
4.381
5.211
5.235
5.548
5.427
4.601
4.569
4.958
4.865
5.426
6.022
4.876
4.779
5.167
4.911
6.397
5.534
5.886
5.476
5.284
5.33
4.471
5.757
5.96
4.887
5.326
4.141
6.362
4.856
4.631
4.897
5.215
3.883
5.748
4.307
4.733
5.446
4.853
6.191
6.416
6.239
5.689
6.322
8.29
8.45
8.01
8.71
8.05
8.27
7.39
7.32
6.694
7.93
7.98
7.2
7.94
7.44
8.42
7.03
7.95
6.702
6.605
6.561
5.832
7.12
6.534
6.765
7.04
6.876
7.33
7.41
6.519
6.169
6.352
6.798
6.574
5.97
5.992
5.471
5.985
6.477
5.257
5.643
5.163
4.999
4.353
4.146
4.078
4.253
4.671
3.989
4.168
4.179
4.133
4.581
3.954
4.278
4.355
4.323
4.51
4.748
4.828
4.953
4.773
4.603
4.5
4.046
3.217
3.048
3.476
3.087
3.482
3.389
3.737
3.226
3.155
3.264
3.403
3.247
3.033
3.207
3.517
3.718
3.731
4.025
3.885
4.263
4.065
3.365
3.335
3.937
3.973
3.753
3.941
4.164
4.318
4.329
3.88
4.951
4.413
3.824
4.775
4.156
4.461
5.015
5.009
4.886
4.29
4.103
3.756
3.83
3.827
3.337
3.417
4.056
3.852
3.829
3.73
3.883
3.055
2.888
3.256
3.304
2.617
1.976
1.609
1.054
.641
.672
.47
.511
1.262
2.017
1.514
.598
1.319
1.189
.865
1.306
1.929
2.495
2.351
2.741
2.789
2.667
2.801
2.528
2.532
3.01
3.18
3.618
3.54
2.827
2.522
1.475
1.252
1.491
1.445
2.237
2.282
2.102
1.813
1.737
2.237
2.033
1.548
1.54
1.313
1.471
1.666
4.699
4.867
4.197
5.099
3.974
4.252
3.882
3.168
3.121
3.244
3.62
3.432
2.618
2.904
3.699
3.683
3.164
3.047
2.843
2.428
2.387
2.386
2.539
3.056
3.547
3.004
3.711
4.087
4.975
4.758
4.838
5.423
5.252
5.011
4.344
4.195
4.54
5.022
4.781
5.314
3.941
4.833
4.563
4.883
5.229
5.45
5.472
5.135
4.149
3.961
3.619
4.642
4.727
4.37
5.163
4.081
5.288
4.492
4.461
4.775
5.055
4.824
5.548
5.039
4.67
4.115
5.761
5.495
5.722
4.717
5.491
6.728
6.29
7.66
7
6.672
6.47
7.28
7.63
6.932
6.806
6.949
6.268
7.46
7.19
7.35
6.81
6.379
5.924
6.517
5.76
6.596
6.816
6.948
6.444
5.876
6.409
7.24
7.59
8.55
7.65
7.15
7.61
7.07
7.03
6.733
7.1
7.3
7.54
7.12
6.476
6.607
7.31
6.917
7.24
8.05
7.13
6.786
7.43
8.04
8.01
7.69
7.99
7.46
8.01
7.87
7.91
7.24
6.979
6.521
6.848
6.897
6.224
6.558
6.032
6.913
5.381
6.087
6.5
5.524
5.904
5.872
5.781
6.599
6.048
5.138
5.606
6.369
6.13
6.453
5.965
6.176
5.142
4.005
5.14
5.63
4.19
3.761
5.134
4.412
5.196
4.102
4.1
4.774
5.292
4.702
4.164
3.893
4.306
3.502
3.811
3.576
3.916
3.347
3.222
3.111
3.762
2.89
2.49
2.591
2.247
2.29
2.465
2.209
2.379
2.292
1.984
2.145
2.113
1.345
1.359
1.205
1.014
1.231
1.631
1.576
1.82
2.017
2.206
2.079
2.004
2.039
1.534
1.595
1.711
1.779
1.932
2.231
2.071
2.15
2.159
2.039
2.152
1.789
1.838
1.992
1.872
2.129
2.13
2.274
2.178
2.334
2.236
2.451
2.282
2.299
2.497
2.492
2.751
2.62
2.441
2.659
2.626
2.485
2.584
2.699
2.413
2.284
2.724
2.971
2.562
1.942
1.977
2.282
2.207
1.589
1.905
2.24
2.503
2.829
3.017
3.009
3.114
2.756
2.466
2.485
2.73
2.951
2.906
2.671
3.065
2.892
2.831
2.934
2.766
2.346
2.514
2.066
2.127
2.006
2.151
2.233
1.611
2.108
1.967
1.801
1.984
2.132
1.927
1.566
1.233
1.681
1.706
1.86
2.49
2.523
2.164
2.226
2.143
1.944
1.956
1.902
1.988
1.841
1.702
1.537
1.586
1.753
1.749
2.138
2.143
1.813
1.501
1.198
1.356
1.689
1.275
1.59
2.387
2.348
2.637
2.385
3.124
2.91
3.324
3.463
3.786
3.664
4.083
4.32
4.582
5.216
4.197
4.322
5.268
4.893
4.744
4.684
4.398
4.229
5.076
4.818
4.429
4.784
4.878
4.709
4.145
4.44
4.532
3.957
4.084
3.366
4.408
4.665
4.403
4.635
2.919
3.411
3.576
3.914
3.995
4.909
4.536
3.959
4.101
3.928
4.704
3.776
4.173
4.599
4.982
4.041
4.332
5.408
4.606
4.014
4.251
4.878
5.132
2.97
2.834
3.209
3.333
4.465
4.563
4.193
3.406
3.27
2.32
3.298
4.277
3.101
2.87
3.826
3.279
2.802
3.545
3.032
2.959
2.879
3.38
3.1
4.196
2.612
3.251
4.275
3.544
3.812
5.166
2.989
4.555
3.986
5.196
5.482
5.516
3.917
3.19
3.152
4.585
3.098
3.503
4.572
3.931
4.345
5.01
4.118
4.852
4.791
4.24
3.695
5.676
5.16
4.412
5.093
3.547
3.433
4.599
4.833
4.69
4.043
4.131
4.476
4.203
3.914
4.203
3.579
3.752
5.329
5.533
5.552
4.799
5.363
4.673
4.726
4.99
5.306
4.62
4.855
4.332
4.149
3.878
3.546
3.614
3.95
3.485
3.363
3.373
3.846
3.477
3.291
3.873
3.748
3.493
3.57
3.665
3.769
4.247
4.875
4.709
4.22
4.405
4.151
4.569
5.4
5.188
5.537
4.387
4.618
4.743
5.017
4.663
4.924
4.914
4.38
4.725
4.554
4.379
3.938
4.217
4.203
4.641
4.096
4.047
3.777
4.665
4.287
4.436
4.883
4.723
4.034
3.702
3.706
3.504
3.436
3.013
3.405
3.34
3.39
4.172
4.051
4.081
3.394
3.537
3.687
3.421
3.018
3.349
3.299
2.838
3.061
2.934
3.337
3.766
3.757
3.824
3.288
2.89
2.991
2.78
2.676
2.207
1.672
1.947
2.071
2.254
2.33
2.981
2.584
2.83
2.542
2.658
2.77
2.78
2.325
2.68
2.832
3.19
3.221
3.39
3.108
3.322
3.162
3.085
3.179
3.451
3.238
3.275
3.368
3.766
3.458
2.92
2.894
2.556
3.083
3.303
3.088
3.101
3.155
3.115
3.42
2.495
2.386
2.604
2.593
2.736
2.862
3.007
2.788
2.629
2.618
2.325
2.347
1.914
2.536
2.148
2.473
2.041
2.199
2.2
2.598
2.349
2.403
2.49
2.525
2.638
2.32
2.008
2.214
2.208
2.523
2.498
1.88
1.834
2.444
2.575
3.405
2.959
3.76
3.521
3.04
3.902
4.134
2.722
3.373
4.436
3.682
2.563
3.221
3.049
2.914
2.532
2.634
2.688
3.004
3.633
3.255
2.863
2.538
2.803
4.701
3
3.139
2.729
3.283
3.41
4.227
4.131
4.696
5.019
4.339
4.054
5.309
4.063
3.931
4.436
4.818
4.46
3.378
4.169
4.722
5.103
5.412
4.896
6.18
5.635
4.962
6.042
5.519
4.417
4.98
4.344
5.337
6.027
5.5
4.72
4.06
4.127
3.822
4.45
3.68
3.529
4.63
4.891
4.667
2.429
4.04
2.595
4.701
3.835
5.37
5.319
5.811
5.716
5.509
5.652
5.722
6.131
5.443
5.006
4.789
5.089
4.351
4.91
3.388
5.251
5.615
5.914
4.88
5.898
6.182
7.59
6.077
6.588
5.926
5.836
5.397
5.927
4.644
4.962
4.131
4.68
5.484
5.664
5.28
6.113
6.876
6.536
7.17
6.43
6.21
6.242
7.06
5.632
5.048
5.505
5.331
5.121
5.969
5.807
6.11
6.376
5.6
5.084
5.418
5.719
4.706
4.631
3.733
3.045
4.317
4.259
4.166
4.48
4.397
4.312
3.452
3.824
3.505
3.519
3.919
4.243
4.648
4.511
4.672
4.567
4.469
4.603
4.453
4.734
4.077
4.95
4.435
4.602
3.814
4.465
4.247
3.581
3.549
3.709
4.014
4.181
4.194
4
3.529
3.82
4.443
4.611
4.974
4.994
5.247
5.194
4.98
4.422
3.992
4.411
4.712
4.046
4.078
4.609
4.385
4.986
4.616
4.22
4.454
4.038
4.79
4.582
4.244
3.668
3.693
4.114
4.08
3.954
4.121
4.067
3.742
4.24
3.674
3.528
3.605
3.773
3.766
3.786
3.472
4.23
4.5
4.806
5.313
4.838
4.601
4.347
4.56
5.363
5.211
5.287
4.781
5.354
5.125
6.05
5.275
5.269
5.477
4.327
5.579
4.5
5.762
5.58
5.372
5.313
5.186
5.297
5.627
5.247
4.759
5.129
4.703
4.654
4.646
5.239
4.948
4.764
5.25
5.467
4.828
5.337
4.637
4.429
4.503
4.14
4.451
4.168
4.118
3.786
4.116
4.13
4.222
3.908
4.589
4.512
5.044
4.941
5.374
5.113
6.143
5.624
5.379
5.566
5.223
5.733
5.979
6.401
6.105
5.496
5.626
6.134
6.1
5.982
6.172
5.255
6.559
6.194
6.196
6.69
6.216
6.693
6.224
5.988
7.29
4.879
5.793
5.681
6.334
5.904
6.228
5.653
5.243
6.115
7.08
7.14
6.858
6.889
7.54
7.8
7.74
7.9
7.81
7.49
6.273
7.76
7.28
7.62
7.33
7.47
6.998
6.795
6.712
6.737
6.831
7
6.968
6.742
6.181
5.095
5.603
5.924
5.237
5.579
5.52
5.308
4.79
5.531
4.478
4.96
5.203
5.93
5.399
5.107
5.27
5.271
4.89
5.603
4.5
4.778
5.002
4.942
5.535
6.664
6.243
5.7
4.737
6.33
6.799
6.204
7.11
6.383
6.726
8.02
6.712
6.491
6.92
7.21
7.63
6.433
6.532
7.31
6.827
7.01
6.104
5.289
7.28
6.722
6.231
5.895
7.8
7.36
7.15
7.52
6.02
7.19
7.91
6.774
5.764
6.865
6.786
6.318
6.003
6.211
7
7.69
7.35
8.34
6.511
7.62
7.55
7.08
6.806
7.09
8.12
5.933
7.13
6.266
6.513
6.132
6.246
5.755
5.647
5.88
6.008
5.338
5.255
5.461
5.144
5.387
6.146
5.428
5.422
4.701
4.721
4.929
4.921
4.877
4.301
4.474
4.416
5.085
4.423
4.59
4.644
4.361
4.224
3.712
3.685
4.009
4.158
4.469
4.47
4.206
4.499
5.103
5.776
6.175
6.719
6.545
6.056
5.715
5.455
6.089
6.207
4.944
4.747
4.496
4.389
4.857
6.279
6.879
6.005
7.21
5.748
5.251
4.189
3.67
3.216
2.001
1.246
.984
.066
.226
.838
1.42
2.512
3.284
3.255
2.605
2.878
2.513
2.112
2.271
2.551
2.399
2.379
2.522
2.893
3.145
4.328
4.388
4.723
4.859
3.562
3.905
4.425
3.996
4.915
5.647
5.211
6.215
6.882
5.175
4.774
4.75
5.239
4.277
3.223
3.155
2.904
1.459
1.985
1.231
1.79
1.877
1.678
1.715
2.156
1.986
1.794
2.569
1.608
1.306
1.425
1.551
2.132
3.968
3.445
2.788
2.272
3.173
2.353
2.779
2.334
1.575
1.541
2.237
3.541
5.072
5.82
7.58
7.59
6.986
6.871
5.744
5.721
6.097
5.357
5.067
4.672
4.412
4.76
3.349
3.332
3.049
2.433
2.4
2.969
3.273
3.43
3.411
3.182
3.049
2.367
1.431
.901
1.33
1.898
2.948
2.183
1.957
1.919
1.999
1.553
1.241
.784
.924
1.292
1.26
1.792
1.915
1.529
1.804
1.637
1.773
2.3
2.176
2.481
3.164
3.157
3.636
4.021
3.759
3.97
4.237
3.84
4.29
4.234
4.39
3.997
4.03
4.241
4.45
4.182
3.925
3.075
3.893
3.945
4.217
4.288
3.584
3.577
4.272
4.104
4.636
3.712
3.377
4.559
5.054
4.17
4.184
4.549
4.361
4.632
4.374
4.228
4.696
4.713
4.368
5.304
4.954
4.683
5.021
5.415
5.511
5.467
5.254
6.88
6.46
6.599
6.47
5.888
6.421
6.182
6.723
5.63
6.71
6.109
5.862
6.183
5.261
5.695
6.363
6.918
5.365
6.032
6.341
4.916
4.855
6.082
6.224
6.085
6.125
6.198
6.46
5.843
4.268
3.722
3.995
3.604
3.423
2.717
2.415
1.918
1.416
.842
1.124
1.454
1.879
1.463
1.236
.544
.862
1.237
1.056
.667
1.765
1.623
1.905
1.579
1.702
1.905
1.81
2.039
1.72
2.459
1.987
2.977
2.643
2.951
3.111
2.93
2.802
2.513
3.014
3.117
2.7
2.872
2.678
2.458
1.609
.517
.223
.781
1.623
1.201
.138
.366
.703
1.561
.527
.562
1.468
1.166
1.019
2.061
3.24
1.827
2.05
2.375
1.838
2.033
2.375
2.643
2.176
2.406
2.511
2.121
2.405
3.832
3.561
4.255
4.135
4.233
3.297
3.544
3.104
2.968
3.135
2.914
2.988
2.401
2.385
2.316
2.267
2.252
2.166
2.271
2.059
2.036
2.002
1.658
2.054
2.76
3.312
2.851
2.341
1.611
2.164
1.951
2.033
2.291
2.219
2.2
2.022
2.196
2.499
2.461
2.305
2.088
2.11
2.261
2.125
2.19
2.098
2.137
2.104
2.049
2.161
2.183
2.263
2.287
2.58
2.287
2.351
2.46
2.099
2.185
2.195
2.543
2.228
2.152
2.08
1.851
2.083
2.098
2.252
2.694
2.491
2.321
2.218
2.686
2.676
3.033
2.768
3.134
2.67
2.238
2.13
1.657
1.854
1.988
2.257
2.207
2.283
2.371
2.315
2.312
2.29
2.163
2.109
1.71
1.615
1.583
1.401
1.649
1.519
1.064
.556
.341
.65
.605
.771
.801
.536
.449
1.131
1.642
2.139
1.944
1.748
.638
2.061
2.052
1.465
1.368
1.283
1.254
1.279
1.637
1.806
1.542
.992
1.108
1.465
2.247
3.148
2.591
2.142
2.923
3.868
4.14
3.699
3.298
3.611
3.499
3.673
4.265
4.159
3.523
3.61
4.234
4.003
3.984
4.423
3.771
3.885
4.149
4.417
3.984
4.805
4.889
3.684
4.258
4.228
4.322
4.358
3.726
4.203
3.591
3.589
3.001
4.397
3.789
4.434
3.85
3.21
2.547
3.361
2.629
2.551
3.231
3.025
2.06
2.374
4.034
2.693
3.27
3.108
2.834
3.72
3.47
3.672
2.296
2.244
2.861
3.389
2.504
2.99
1.891
2.363
3.725
3.236
2.52
3.648
2.859
3.296
4.869
3.215
1.681
1.285
3.031
2.365
2.683
2.48
2.593
2.689
3.42
3.632
4.187
2.73
2.343
3.201
1.504
1.193
1.012
2.771
7.41
8.5
7.07
7.71
6.441
6.716
7.33
11.53
4.166
5.008
4.774
2.082
4.053
3.016
1.732
1.296
2.714
3.742
3.837
3.682
5.291
5.854
6.904
6.682
5.67
4.734
3.608
5.56
4.5
3.343
3.662
4.509
5.441
5.405
4.829
5.309
4.71
4.682
4.484
6.23
6.213
6.1
6.223
6.765
6.262
5.794
5.276
4.552
4.76
3.702
3.222
2.88
2.131
2.145
1.63
1.313
1.757
1.87
1.788
1.903
1.825
2.365
2.738
2.584
2.781
2.83
2.153
1.966
2.464
2.503
1.835
1.626
1.178
1.189
.693
.877
.3
.227
1.207
.829
1.381
1.356
1.053
1.482
1.404
1.61
1.565
1.916
2.676
2.572
1.877
1.149
.591
.62
2.304
1.78
.995
.667
.038
.772
1.138
.357
1.085
1.165
.617
.577
.176
.089
.26
.065
.292
1.16
1.678
2.079
1.818
1.659
1.842
1.799
1.93
1.818
2.03
2.434
2.193
2.319
2.161
2.308
1.941
2.133
1.991
2.167
2.495
2.433
2.446
2.192
2.134
1.912
1.883
3.029
1.763
1.663
2.402
2.456
2.337
2.629
2.301
2.588
2.373
2.418
2.15
1.89
1.661
2.219
2.437
2.628
2.172
1.503
2.216
2.235
2.209
1.519
1.935
1.822
1.731
2.063
2.342
2.274
2.261
2.189
2.422
2.294
1.994
2.085
1.404
1.554
1.743
2.104
1.675
2.094
2.122
1.74
1.573
1.673
1.864
2.253
2.155
2.511
2.64
2.261
2.253
2.346
2.283
2.398
2.246
2.04
1.867
1.579
1.509
2.02
2.112
2.246
2.545
2.755
2.67
2.338
2.816
2.594
2.579
2.895
3.137
3.1
2.712
2.974
2.614
2.799
2.214
1.823
1.801
1.644
.952
1.117
2.014
2.031
2.519
2.381
3.02
2.791
2.914
2.541
2.46
2.719
2.683
1.781
1.408
2.338
1.78
1.95
2
2.012
1.355
1.674
3.163
1.386
.779
2.011
1.973
.724
2.574
2.052
2.347
2.001
1.822
2.261
1.359
2.217
.672
1.957
2.732
1.487
1.797
1.172
.762
.692
1.755
1.675
2.329
1.494
.868
.89
.842
5.492
7.28
7.2
6.533
7.22
7.06
6.895
6.682
6.019
6.752
6.029
5.334
5.677
5.432
5.086
5.206
6.316
5.608
7.26
6.699
6.804
7.5
4.912
5.008
5.49
6.379
5.359
5.2
5.595
5.667
4.388
4.621
5.336
5.446
5.335
5.248
5.298
4.027
4.252
4.893
4.797
4.643
4.319
4.276
4.085
4.647
4.474
4.605
3.808
4.132
4.548
3.861
2.917
3.113
3.106
2.956
2.894
3.126
2.92
2.31
2.224
2.208
2.072
2.33
2.367
2.708
3.129
2.803
2.545
3.166
2.912
3.016
2.759
2.749
2.939
3.055
3.139
3.495
2.87
3.126
3.091
3.311
2.894
3.126
3.296
3.18
3.182
3.06
3.038
2.617
2.655
2.322
2.268
2.186
2.373
2.397
2.353
2.31
2.377
2.357
2.084
1.68
1.431
1.572
1.726
1.681
1.799
1.564
1.519
1.705
1.991
2.026
2.106
1.753
1.629
1.548
1.805
1.649
1.274
.9
1.121
1.335
1.803
1.773
1.572
1.184
1.107
.611
.704
1.027
1.608
1.957
1.89
1.9
1.848
1.683
1.503
1.296
1.087
1.216
1.04
.727
.849
1.361
1.621
1.689
1.698
1.871
1.711
1.454
1.711
2.082
2.081
1.867
1.685
1.194
1.16
.76
.766
1.036
.694
.428
.129
.231
.274
.599
.612
.729
.681
1.249
1.205
.891
.765
.823
.672
.555
.409
.369
.9
1.495
1.455
1.46
1.613
1.754
1.682
1.589
2.05
2.141
2.393
2.345
2.199
2.293
2.344
2.674
2.267
2.29
2.443
2.142
2.356
2.027
2.294
2.658
2.394
2.813
2.62
2.601
2.527
3.037
2.86
3.473
3.912
3.63
3.214
3.688
3.948
3.546
3.673
4.452
4.349
4.201
4.605
4.677
5.337
5.346
5.213
5.268
5.819
6.039
5.238
6.368
5.846
5.003
5.28
5.532
5.652
5.751
4.925
4.195
4.693
5.032
5.053
5.331
5.401
5.286
4.614
4.614
4.083
5.039
5.044
4.316
4.065
3.718
4.077
3.001
3.135
3.43
2.493
2.851
2.66
3.452
3.319
3.774
2.412
3.211
3.144
1.779
2.599
4.003
2.438
3.683
3.122
2.516
2.253
3.388
3.484
2.145
2.146
2.773
3.118
3.868
4.307
3.967
3.568
4.596
3.067
3.215
3.717
3.356
2.742
2.906
3.592
2.801
3.379
3.12
2.963
3.64
3.066
2.669
3.947
2.515
3.478
2.464
2.333
3.879
3.049
3.425
2.497
3.209
2.391
3.138
3.62
4.337
2.71
4.559
3.024
3.313
3.204
3.21
3.529
3.907
2.602
2.977
3.609
4.172
3.967
3.501
3.455
3.73
4.135
4.314
3.111
3.687
3.553
4.065
3.484
3.954
4.493
4.83
4.884
3.966
3.912
4.117
3.588
3.529
3.4
3.052
3.066
3.104
3.105
3.799
4.884
4.443
4.884
4.654
4.887
4.889
4.587
4.536
4.026
4.154
4.341
4.682
4.413
4.098
4.762
4.614
4.896
4.809
4.743
4.918
4.708
4.683
5.121
4.677
4.69
4.288
5.036
4.479
4.695
4.428
4.569
3.73
3.813
3.649
4.016
3.934
4.012
3.659
3.562
3.8
4.326
4.351
4.113
4.036
3.641
3.444
4.02
3.956
3.783
4.272
4.108
4.481
3.924
4.254
4.232
4.413
4.093
3.787
3.957
4.012
3.99
3.813
3.279
3.131
3.123
2.819
2.654
2.756
2.296
1.866
2.037
2.177
2.419
2.403
2.507
2.285
2.266
2.386
2.387
2.263
2.267
2.094
1.894
1.914
1.92
1.92
1.754
1.592
1.746
1.842
1.991
1.943
2.08
2.103
2.083
2.201
1.574
1.694
1.863
1.671
1.67
1.548
1.211
1.589
1.507
1.249
.852
.771
1.279
1.091
1.314
1.646
1.843
1.842
1.351
1.214
1.273
.918
.571
1.048
2.004
2.644
3.522
4.262
4.384
3.938
4.164
4.235
3.766
3.112
2.107
3.138
3.531
3.815
2.863
3.649
3.103
3.242
3.06
3.148
3.28
2.756
2.891
3.384
3.542
3.435
3.574
3.509
4.223
4.373
4.374
4.538
3.862
3.433
4.083
3.796
3.481
4.43
4.001
3.3
3.234
4.244
4.859
4.452
4.919
4.755
4.239
4.65
4.238
4.106
4.189
4.076
3.551
4.396
3.96
4.011
3.719
4.673
3.639
4.23
3.305
4.062
4.185
4.501
3.356
4.157
3.351
4.195
3.569
3.578
2.788
3.022
3.895
3.845
3.257
3.087
3.272
4.251
3.078
3.556
4.376
3.226
3.907
4.353
3.728
4.529
3.53
4.866
3.548
4.631
3.998
3.604
4.281
4.446
3.606
5.507
3.573
4.402
3.978
4.281
3.496
4.938
4.612
5.176
4.348
4.196
3.439
2.987
4.049
4.383
2.807
3.397
5.016
4.379
3.659
3.555
3.287
3.818
4.341
2.462
3.638
3.366
2.221
2.584
4.465
2.638
2.468
1.954
4.682
4.595
4.139
5.609
5.515
5.078
4.662
4.189
4.443
5.247
4.905
4.421
4.915
4.843
5.207
4.472
3.926
4.759
5.12
4.488
4.8
4.158
4.536
4.89
3.972
4.301
4.425
3.942
3.698
4.178
4.071
6.232
6.737
9.23
7.8
7
7.56
5.36
5.251
5.863
5.278
5.538
5.019
4.354
4.412
4.311
3.759
4.16
4.376
4.075
4.074
4.396
4.909
5.128
4.701
5.103
6.034
5.047
4.632
3.973
4.484
3.705
3.548
3.135
3.328
2.829
3.796
3.936
3.072
3.522
3.662
3.248
2.637
2.041
1.5
1.131
2.684
2.951
5.205
4.13
4.677
4.606
4.859
4.803
4.06
2.3
3.62
3.596
3.688
3.323
3.7
4.361
5.632
4.336
4.57
3.268
1.904
2.829
3.6
3.477
4.752
4.693
3.912
3.903
2.615
4.504
4.268
3.441
3.313
4.533
5.798
4.563
3.515
3.746
2.86
4.19
4.997
5.185
5.638
7.02
7.09
6.786
7.96
6.829
5.304
5.263
5.884
5.608
5.449
5.225
5.845
4.738
4.397
4.444
4.396
3.943
4.397
4.901
5.087
5.947
5.899
5.481
5.653
5.33
4.472
4.709
4.382
3.059
3.269
4.499
4.125
3.67
3.324
2.955
3.315
2.64
2.186
2.004
2.128
2.471
2.718
2.969
2.997
2.861
3.46
3.177
2.569
3.194
3.414
3.622
3.394
3.337
3.06
3.021
3.165
3.307
3.305
3.013
3.509
3.661
3.356
3.914
3.762
4.004
3.709
3.705
4.108
3.403
2.79
2.634
2.072
2.123
2.792
2.658
1.96
2.771
2.172
3.164
2.971
2.834
3.306
3.777
3.324
3.268
3.13
3.579
3.427
2.994
2.981
3.398
3.258
2.67
3.359
3.358
3.069
2.726
2.311
2.755
2.898
2.679
3.161
2.724
2.082
2.222
1.894
1.325
1.684
3.173
3.34
3.794
3.75
3.874
3.732
5.253
5.793
4.656
3.751
1.006
1.681
2.604
2.599
2.676
2.484
2.132
1.574
1.057
1.94
2.095
1.725
2.159
2.266
2.376
3.263
2.076
1.693
1.189
1.165
1.958
1.715
1.29
2.6
2.82
3.02
3.76
2.569
3.056
3.049
2.078
2.332
2.119
2.457
2.442
1.762
2.528
2.19
1.924
1.92
1.598
1.493
.856
.035
0
.022
.534
.748
1.037
.955
.953
1.194
1.14
1.52
2.138
2.968
3.162
3.451
4.097
4.757
4.593
4.418
3.831
3.552
3.347
3.14
3.188
2.624
2.943
2.445
3.1
2.5
2.364
2.321
2.935
2.754
2.366
1.9
1.505
1.634
2.458
2.473
2.699
2.57
2.6
2.483
3.055
2.805
2.72
2.856
3.674
3.579
3.272
2.99
3.268
3.122
2.747
2.579
2.514
2.12
2.379
2.133
2.273
2.536
2.405
2.488
2.804
3.144
3.346
3.494
4.249
4.764
4.203
4.268
3.803
4.326
4.647
4.566
4.86
5.078
5.589
5.114
4.718
4.991
4.719
4.989
4.545
4.915
4.785
5.021
4.627
5.074
5.182
4.591
4.819
4.253
4.635
4.06
4.019
3.863
3.526
3.393
3.496
3.345
3.378
3.553
3.463
3.776
3.809
3.315
3.509
3.233
3.019
3.239
3.497
3.147
3.838
3.134
2.346
3.006
3.186
3.324
3.227
2.579
3.458
4.308
4.85
4.768
4.022
3.569
2.861
3.388
3.347
3.028
3.131
2.675
2.272
2.362
2.482
2.792
2.341
2.379
2.429
2.06
2.704
2.771
2.46
2.261
2.372
2.701
2.729
2.535
2.53
2.377
1.844
2.143
2.629
2.094
2.175
1.802
1.822
2.049
1.67
1.212
1.096
1.302
1.214
1.042
1.303
1.51
1.763
2.037
2.088
2.087
1.69
1.802
2.137
1.983
1.788
1.772
1.802
2.077
1.996
2.26
2.518
2.985
2.677
3.312
3.183
2.931
3.492
3.311
3.148
2.903
2.913
2.834
3.038
3.09
3.187
2.869
3.095
2.873
2.769
2.296
2.508
3.137
2.9
2.677
2.823
2.943
3.371
2.732
3.499
3.813
3.312
4.179
3.771
3.917
3.643
4.036
3.293
3.289
3.908
3.922
3.791
3.433
3.801
3.643
3.582
4.136
3.951
3.339
3.124
3.226
3.631
3.769
4.107
3.696
3.958
3.842
4.758
3.512
4.016
4.528
3.85
4.773
4.348
3.916
4.778
4.961
5.949
5.37
5.091
4.63
4.349
4.273
4.8
3.913
3.818
3.74
3.598
4.433
5.202
3.744
2.44
3.26
3.865
3.555
4.175
3.676
3.007
3.534
3.86
3.112
5.392
7.09
5.949
6.518
6.246
5.454
5.59
5.042
4.611
4.327
4.13
4.799
4.334
4.212
4.308
4.074
3.501
3.763
3.83
3.642
2.907
3.267
2.998
3.044
3.111
3.571
3.753
2.871
2.835
3.947
4.86
6.155
5.671
3.622
3.384
2.809
3.325
3.482
3.451
3.684
3.927
3.964
3.442
3.604
3.816
3.96
3.004
1.566
1.966
1.302
.225
1.096
1.112
1.824
3.495
3.415
3.815
3.811
3.336
2.593
2.32
3.102
3.879
3.987
4.851
4.576
3.777
4.351
4.534
4.205
4.442
4.427
4.388
3.87
4.276
3.853
3.273
3.667
3.992
3.49
3.101
3.365
3.242
3.81
3.523
3.535
3.428
3.329
3.591
4.083
3.856
3.609
4.091
5.606
5.387
5.11
5.673
5.962
6.303
6.378
5.385
5.58
5.127
4.304
2.846
3.136
2.874
2.834
3.052
3.979
4.611
4.195
4.649
4.717
5.045
5.074
5.034
4.977
4.69
4.266
4.267
4.449
4.615
4.687
4.379
4.098
3.981
3.9
4.146
3.51
3.79
3.696
3.383
3.125
3.65
3.005
3.073
3.024
3.397
2.962
2.721
2.597
3.34
3.707
3.264
3.297
2.904
2.596
2.422
2.85
2.634
2.107
2.233
2.334
2.222
2.149
2.569
2.42
2.645
2.421
2.072
2.609
1.962
1.79
1.777
2.136
1.917
2.532
2.023
2.562
2.079
2.487
2.345
2.255
1.848
1.992
2.11
2.05
2.483
2.312
2.647
2.57
2.95
2.622
2.892
2.615
2.815
2.955
2.952
2.682
2.673
3.243
3.078
2.899
2.953
3.355
3.222
3.14
3.059
3.33
3.223
2.75
2.578
2.262
2.358
3.194
2.453
2.461
3.148
2.957
2.768
2.849
2.892
2.971
2.758
2.938
2.722
2.587
2.348
2.656
2.698
2.493
2.964
2.249
2.091
2.296
2.404
2.964
2.899
3.09
3.516
2.811
2.914
3.115
2.922
2.705
2.556
2.53
3.009
4.082
4.1
3.42
2.928
3.06
2.694
2.906
2.674
2.542
2.063
2.297
2.814
2.34
.879
2.238
2.162
3.346
2.564
2.609
2.681
1.857
1.247
1.996
1.912
2.753
2.573
2.371
2.121
2.961
3.081
2.561
2.931
2.139
2.086
1.977
2.092
1.555
1.521
2.248
2.307
2.858
2.695
3.013
4.167
2.872
2.384
.911
.558
.454
1.587
1.167
.625
.556
.824
2.118
3.299
2.733
3.267
3.009
4.248
4.862
6.07
5.623
5.239
4.908
4.818
4.753
5.01
4.988
4.256
3.932
3.627
3.914
3.667
3.464
3.416
3.351
3.219
3.321
3.329
4.095
3.816
3.927
3.448
3.69
3.527
4.252
5.174
4.745
4.603
3.704
3.482
3.809
4.268
4.797
4.414
3.876
3.643
3.556
3.992
3.779
3.732
3.69
3.699
3.869
3.82
4.136
4.327
4.094
3.789
3.809
3.92
3.668
3.755
3.459
3.154
2.764
2.755
3.255
2.727
3.018
2.82
2.63
2.545
2.118
1.544
2.265
2.508
2.956
2.869
2.795
2.855
3.017
2.864
3.022
3.613
3.533
3.514
3.385
3.202
3.174
3.159
3.275
3.444
4.027
4.09
3.779
3.33
3.104
3.571
3.227
2.671
2.06
2.561
1.94
1.737
1.703
2.251
2.205
2.139
1.864
2.053
2.436
2.275
1.899
2.17
2.175
